NU_ANO,NT_GER,NT_FG,NT_CE_D1,NT_CE_D2,NT_CE_D3
2021,0,0,0,0,0
2021,0,0,0,0,0
2021,0,0,0,0,0
2021,0,0,0,0,0
2021,0,0,0,0,0
2021,0,0,0,0,0
2021,0,0,0,0,0
2021,0,0,0,0,0
2021,0,0,0,0,0
2021,0,0,0,0,0
2021,0,0,0,0,0
2021,0,0,0,0,0
2021,0,0,0,0,0
2021,0,0,0,0,0
2021,0,0,0,0,0
2021,0,0,0,0,0
2021,0,0,0,0,0
2021,0,0,0,0,0
2021,0,0,0,0,0
2021,0,0,0,0,0
2021,0,0,0,0,0
2021,0,0,0,0,0
2021,0,0,0,0,0
2021,0,0,0,0,0
2021,0,0,0,0,0
2021,0,0,0,0,0
2021,0,0,0,0,0
2021,0,0,0,0,0
2021,0,0,0,0,0
2021,0,0,0,0,0
2021,0,0,0,0,0
2021,0,0,0,0,0
2021,0,0,0,0,0
2021,0,0,0,0,0
2021,0,0,0,0,0
2021,0,0,0,0,0
2021,0,0,0,0,0
2021,0,0,0,0,0
2021,0,0,0,0,0
2021,0,0,0,0,0
2021,0,0,0,0,0
2021,0,0,0,0,0
2021,0,0,0,0,0
2021,0,0,0,0,0
2021,0,0,0,0,0
2021,0,0,0,0,0
2021,0,0,0,0,0
2021,0,0,0,0,0
2021,0,0,0,0,0
2021,0,0,0,0,0
2021,0,0,0,0,0
2021,0,0,0,0,0
2021,0,0,0,0,0
2021,0,0,0,0,0
2021,0,0,0,0,0
2021,0,0,0,0,0
2021,0,0,0,0,0
2021,0,0,0,0,0
2021,0,0,0,0,0
2021,0,0,0,0,0
2021,0,0,0,0,0
2021,0,0,0,0,0
2021,0,0,0,0,0
2021,0,0,0,0,0
2021,0,0,0,0,0
2021,0,0,0,0,0
2021,0,0,0,0,0
2021,0,0,0,0,0
2021,0,0,0,0,0
2021,0,0,0,0,0
2021,0,0,0,0,0
2021,0,0,0,0,0
2021,0,0,0,0,0
2021,0,0,0,0,0
2021,0,0,0,0,0
2021,0,0,0,0,0
2021,0,0,0,0,0
2021,0,0,0,0,0
2021,0,0,0,0,0
2021,0,0,0,0,0
2021,0,0,0,0,0
2021,0,0,0,0,0
2021,0,0,0,0,0
2021,0,0,0,0,0
2021,0,0,0,0,0
2021,0,0,0,0,0
2021,0,0,0,0,0
2021,0,0,0,0,0
2021,0,0,0,0,0
2021,0,0,0,0,0
2021,0,0,0,0,0
2021,0,0,0,0,0
2021,0,0,0,0,0
2021,0,0,0,0,0
2021,0,0,0,0,0
2021,0,0,0,0,0
2021,0,0,0,0,0
2021,0,0,0,0,0
2021,0,0,0,0,0
2021,0,0,0,0,0
2021,0,0,0,0,0
2021,0,0,0,0,0
2021,0,0,0,0,0
2021,0,0,0,0,0
2021,0,0,0,0,0
2021,0,0,0,0,0
2021,0,0,0,0,0
2021,0,0,0,0,0
2021,0,0,0,0,0
2021,0,0,0,0,0
2021,0,0,0,0,0
2021,0,0,0,0,0
2021,0,0,0,0,0
2021,0,0,0,0,0
2021,0,0,0,0,0
2021,0,0,0,0,0
2021,0,0,0,0,0
2021,0,0,0,0,0
2021,0,0,0,0,0
2021,0,0,0,0,0
2021,0,0,0,0,0
2021,0,0,0,0,0
2021,0,0,0,0,0
2021,0,0,0,0,0
2021,0,0,0,0,0
2021,0,0,0,0,0
2021,0,0,0,0,0
2021,0,0,0,0,0
2021,0,0,0,0,0
2021,0,0,0,0,0
2021,0,0,0,0,0
2021,0,0,0,0,0
2021,0,0,0,0,0
2021,0,0,0,0,0
2021,0,0,0,0,0
2021,0,0,0,0,0
2021,0,0,0,0,0
2021,0,0,0,0,0
2021,0,0,0,0,0
2021,0,0,0,0,0
2021,0,0,0,0,0
2021,0,0,0,0,0
2021,0,0,0,0,0
2021,0,0,0,0,0
2021,0,0,0,0,0
2021,0,0,0,0,0
2021,0,0,0,0,0
2021,0,0,0,0,0
2021,0,0,0,0,0
2021,0,0,0,0,0
2021,0,0,0,0,0
2021,0,0,0,0,0
2021,0,0,0,0,0
2021,0,0,0,0,0
2021,0,0,0,0,0
2021,0,0,0,0,0
2021,0,0,0,0,0
2021,0,0,0,0,0
2021,0,0,0,0,0
2021,0,0,0,0,0
2021,0,0,0,0,0
2021,0,0,0,0,0
2021,0,0,0,0,0
2021,0,0,0,0,0
2021,0,0,0,0,0
2021,0,0,0,0,0
2021,0,0,0,0,0
2021,0,0,0,0,0
2021,0,0,0,0,0
2021,0,0,0,0,0
2021,0,0,0,0,0
2021,0,0,0,0,0
2021,0,0,0,0,0
2021,0,0,0,0,0
2021,0,0,0,0,0
2021,0,0,0,0,0
2021,0,0,0,0,0
2021,0,0,0,0,0
2021,0,0,0,0,0
2021,0,0,0,0,0
2021,0,0,0,0,0
2021,0,0,0,0,0
2021,0,0,0,0,0
2021,0,0,0,0,0
2021,0,0,0,0,0
2021,0,0,0,0,0
2021,0,0,0,0,0
2021,0,0,0,0,0
2021,0,0,0,0,0
2021,0,0,0,0,0
2021,0,0,0,0,0
2021,0,0,0,0,0
2021,0,0,0,0,0
2021,0,0,0,0,0
2021,0,0,0,0,0
2021,0,0,0,0,0
2021,0,0,0,0,0
2021,0,0,0,0,0
2021,0,0,0,0,0
2021,0,0,0,0,0
2021,0,0,0,0,0
2021,0,0,0,0,0
2021,0,0,0,0,0
2021,0,0,0,0,0
2021,0,0,0,0,0
2021,0,0,0,0,0
2021,0,0,0,0,0
2021,0,0,0,0,0
2021,0,0,0,0,0
2021,0,0,0,0,0
2021,0,0,0,0,0
2021,0,0,0,0,0
2021,0,0,0,0,0
2021,0,0,0,0,0
2021,0,0,0,0,0
2021,0,0,0,0,0
2021,0,0,0,0,0
2021,0,0,0,0,0
2021,0,0,0,0,0
2021,0,0,0,0,0
2021,0,0,0,0,0
2021,0,0,0,0,0
2021,0,0,0,0,0
2021,0,0,0,0,0
2021,0,0,0,0,0
2021,0,0,0,0,0
2021,0,0,0,0,0
2021,0,0,0,0,0
2021,0,0,0,0,0
2021,0,0,0,0,0
2021,0,0,0,0,0
2021,0,0,0,0,0
2021,0,0,0,0,0
2021,0,0,0,0,0
2021,0,0,0,0,0
2021,0,0,0,0,0
2021,0,0,0,0,0
2021,0,0,0,0,0
2021,0,0,0,0,0
2021,0,0,0,0,0
2021,0,0,0,0,0
2021,0,0,0,0,0
2021,0.3,1,0,0,0
2021,0.8,3,0,0,0
2021,0.8,0,20,0,0
2021,0.9,3.6,0,0,0
2021,1,1,0,20,0
2021,1,1.4,0,15,0
2021,1.3,5.2,0,0,0
2021,1.3,3.6,10,0,0
2021,1.3,5.2,0,0,0
2021,1.4,3.2,0,15,0
2021,1.4,4,0,0,10
2021,1.4,5.4,0,0,0
2021,1.5,3.4,15,0,0
2021,1.7,6.8,0,0,0
2021,1.7,0,0,45,0
2021,1.7,3.6,0,20,0
2021,1.7,6.6,0,0,0
2021,1.9,7.5,0,0,0
2021,1.9,7.5,0,0,0
2021,1.9,7.5,0,0,0
2021,1.9,7.5,0,0,0
2021,1.9,7.5,0,0,0
2021,1.9,7.5,0,0,0
2021,1.9,7.5,0,0,0
2021,1.9,7.5,0,0,0
2021,1.9,7.5,0,0,0
2021,1.9,7.5,0,0,0
2021,1.9,7.5,0,0,0
2021,1.9,7.5,0,0,0
2021,1.9,7.5,0,0,0
2021,1.9,7.5,0,0,0
2021,1.9,7.5,0,0,0
2021,1.9,7.5,0,0,0
2021,1.9,7.5,0,0,0
2021,1.9,7.5,0,0,0
2021,1.9,7.5,0,0,0
2021,1.9,7.4,0,0,0
2021,1.9,7.5,0,0,0
2021,1.9,7.5,0,0,0
2021,1.9,7.5,0,0,0
2021,1.9,7.5,0,0,0
2021,1.9,7.6,0,0,0
2021,2,7.8,0,0,0
2021,2,7.8,0,0,0
2021,2,2,30,10,0
2021,2,6.4,10,0,0
2021,2.1,8.4,0,0,0
2021,2.1,8.4,0,0,0
2021,2.3,9.2,0,0,0
2021,2.3,0,0,0,0
2021,2.3,9.1,0,0,0
2021,2.4,9.5,0,0,0
2021,2.4,9.4,0,0,0
2021,2.5,7.5,0,15,0
2021,2.5,10.1,0,0,0
2021,2.5,0,20,45,0
2021,2.5,8.5,0,0,10
2021,2.5,9.8,0,0,0
2021,2.5,8.4,10,0,0
2021,2.5,7.5,0,0,15
2021,2.5,7.5,10,5,0
2021,2.6,8.9,10,0,0
2021,2.6,7.5,0,0,20
2021,2.6,0,40,10,20
2021,2.7,10.6,0,0,0
2021,2.7,10.6,0,0,0
2021,2.8,0,0,0,0
2021,2.8,11.1,0,0,0
2021,2.8,0,0,0,0
2021,2.8,0,0,0,0
2021,2.8,11.1,0,0,0
2021,2.8,9.5,0,0,10
2021,2.8,0,0,0,0
2021,2.8,2.2,60,0,0
2021,2.8,0,0,0,0
2021,2.8,0,0,0,0
2021,2.8,0,0,0,0
2021,2.8,0,0,0,0
2021,2.8,0,0,0,0
2021,2.9,11.5,0,0,0
2021,2.9,6.2,30,5,0
2021,3,4.6,0,50,0
2021,3,12.1,0,0,0
2021,3,11.9,0,0,0
2021,3.1,0,0,0,0
2021,3.1,2,0,0,0
2021,3.1,12.4,0,0,0
2021,3.1,1.4,0,0,0
2021,3.1,0,0,0,0
2021,3.1,9.2,0,20,0
2021,3.1,12.5,0,0,0
2021,3.2,1.6,0,0,0
2021,3.2,0,0,0,0
2021,3.2,12.9,0,0,0
2021,3.2,12.6,0,0,0
2021,3.3,1.4,0,5,0
2021,3.3,9.4,25,0,0
2021,3.3,8.5,0,15,15
2021,3.3,0,10,5,0
2021,3.4,0,0,0,0
2021,3.4,0,0,0,0
2021,3.4,0,0,0,0
2021,3.4,6.2,20,0,30
2021,3.4,0,0,0,0
2021,3.4,1.4,0,0,0
2021,3.4,0,0,0,0
2021,3.4,11,0,15,0
2021,3.4,0,0,0,0
2021,3.4,0,0,0,0
2021,3.4,0,0,0,0
2021,3.4,0,0,0,0
2021,3.4,2.6,0,0,0
2021,3.4,0,0,0,0
2021,3.4,0,0,0,0
2021,3.4,0,0,0,0
2021,3.4,6.6,25,15,5
2021,3.4,0,0,0,0
2021,3.5,14,0,0,0
2021,3.6,2.2,0,0,0
2021,3.6,14.4,0,0,0
2021,3.6,2,0,0,0
2021,3.6,1,0,0,0
2021,3.6,14.3,0,0,0
2021,3.7,11,0,0,25
2021,3.7,4.2,20,0,50
2021,3.7,0,25,0,0
2021,3.7,10.1,0,30,0
2021,3.8,15,0,0,0
2021,3.8,15,0,0,0
2021,3.8,15,0,0,0
2021,3.8,15,0,0,0
2021,3.8,7.6,30,20,0
2021,3.8,15,0,0,0
2021,3.8,15,0,0,0
2021,3.8,15,0,0,0
2021,3.8,15,0,0,0
2021,3.8,15,0,0,0
2021,3.8,15,0,0,0
2021,3.8,15,0,0,0
2021,3.8,15,0,0,0
2021,3.8,15,0,0,0
2021,3.8,15,0,0,0
2021,3.8,15,0,0,0
2021,3.9,6.4,10,0,50
2021,3.9,4.4,0,0,0
2021,3.9,9.5,0,40,0
2021,4,15.9,0,0,0
2021,4,4,70,0,10
2021,4,2.6,0,0,0
2021,4.1,16.2,0,0,0
2021,4.1,16.3,0,0,0
2021,4.1,8.4,0,35,20
2021,4.1,5.2,0,0,0
2021,4.1,5.2,0,0,0
2021,4.1,16.3,0,0,0
2021,4.1,16.3,0,0,0
2021,4.2,10.8,40,0,0
2021,4.2,7.5,0,0,0
2021,4.3,17.2,0,0,0
2021,4.3,5.6,0,0,0
2021,4.3,3.6,0,0,0
2021,4.3,15.6,0,0,10
2021,4.3,5.8,10,15,50
2021,4.3,17,0,0,0
2021,4.3,6.8,25,45,0
2021,4.3,0,40,0,0
2021,4.4,2.6,10,0,0
2021,4.4,0,30,5,10
2021,4.4,17.6,0,0,0
2021,4.4,2.4,0,0,15
2021,4.4,5.4,0,0,0
2021,4.4,17.6,0,0,0
2021,4.5,15,0,0,20
2021,4.5,17.9,0,0,0
2021,4.5,0,10,10,15
2021,4.5,14.5,0,25,0
2021,4.5,11.1,15,10,20
2021,4.5,18,0,0,0
2021,4.5,17.8,0,0,0
2021,4.6,7.5,0,0,0
2021,4.6,3.2,20,70,10
2021,4.6,18.4,0,0,0
2021,4.6,10.9,50,0,0
2021,4.6,0,50,0,0
2021,4.6,2.6,25,5,0
2021,4.7,7.5,0,0,0
2021,4.7,10.5,10,30,15
2021,4.7,7.5,0,0,0
2021,4.7,7.4,75,0,0
2021,4.7,18.9,0,0,0
2021,4.7,7.5,0,0,0
2021,4.7,7.5,0,0,0
2021,4.7,7.5,0,0,0
2021,4.7,7.5,0,0,0
2021,4.7,7.5,0,0,0
2021,4.7,15,25,0,0
2021,4.7,7.5,0,0,0
2021,4.7,7.5,0,0,0
2021,4.7,15,0,25,0
2021,4.7,7.5,0,0,0
2021,4.7,7.5,0,0,0
2021,4.7,7.5,0,0,0
2021,4.7,7.5,0,0,0
2021,4.7,7.5,0,0,0
2021,4.7,7.5,0,0,0
2021,4.7,7.5,0,0,0
2021,4.7,18.6,0,0,0
2021,4.7,7.5,0,0,0
2021,4.7,7.5,0,0,0
2021,4.7,7.5,0,0,0
2021,4.7,5.4,0,0,0
2021,4.7,7.5,0,0,0
2021,4.7,7.5,0,0,0
2021,4.7,7.5,0,0,0
2021,4.7,7.5,0,0,0
2021,4.7,7.5,0,0,0
2021,4.7,7.5,0,0,0
2021,4.7,7.5,0,0,0
2021,4.7,7.5,0,0,0
2021,4.8,19,0,0,0
2021,4.8,5.8,0,0,0
2021,4.8,5.8,0,0,0
2021,4.8,19.2,0,0,0
2021,4.8,19,0,0,0
2021,4.8,15.5,15,0,10
2021,4.8,19.2,0,0,0
2021,4.9,19.4,0,0,0
2021,4.9,7.4,0,0,0
2021,4.9,15,15,15,0
2021,5,20,0,0,0
2021,5,7.8,0,30,50
2021,5,7.5,0,0,0
2021,5,7.5,0,0,0
2021,5,16.3,25,0,0
2021,5,7.5,0,0,0
2021,5,7.5,0,0,0
2021,5,7.5,0,0,0
2021,5,3.4,10,10,0
2021,5,7.5,0,0,0
2021,5,7.5,10,0,0
2021,5.1,8.4,60,20,0
2021,5.1,7.5,0,0,0
2021,5.1,9.1,0,0,0
2021,5.1,7.5,0,0,0
2021,5.1,7,0,0,0
2021,5.1,7.5,0,0,0
2021,5.1,7.5,0,0,0
2021,5.1,13.6,0,45,0
2021,5.1,8.1,0,0,0
2021,5.1,18.9,10,0,0
2021,5.1,9.5,0,0,0
2021,5.1,20.2,0,0,0
2021,5.2,10.2,70,0,0
2021,5.2,9.7,0,0,0
2021,5.2,6.8,20,0,0
2021,5.2,20.6,0,0,0
2021,5.2,3.2,0,35,10
2021,5.2,4.4,10,15,10
2021,5.3,21.2,0,0,0
2021,5.3,7.5,0,0,0
2021,5.3,7.5,0,0,0
2021,5.3,7.5,0,0,0
2021,5.3,9,0,0,0
2021,5.3,7.5,0,0,0
2021,5.3,7.5,0,0,0
2021,5.3,7.6,10,0,50
2021,5.3,1,25,15,20
2021,5.3,0,0,0,0
2021,5.3,7.5,0,0,0
2021,5.3,7.5,0,0,0
2021,5.3,7.5,0,0,0
2021,5.3,7.5,0,0,0
2021,5.3,7.5,0,0,0
2021,5.3,7.5,0,0,0
2021,5.3,7.5,0,0,0
2021,5.3,0,0,0,0
2021,5.3,7.5,0,0,0
2021,5.3,7.5,0,0,0
2021,5.3,7.5,0,0,0
2021,5.3,8.8,0,0,0
2021,5.3,7.5,0,0,0
2021,5.3,21.1,0,0,0
2021,5.3,7.5,0,0,0
2021,5.3,7.5,0,0,0
2021,5.3,7.5,0,0,0
2021,5.3,7.5,0,0,0
2021,5.3,7.5,0,0,0
2021,5.4,6.6,25,55,20
2021,5.4,18.6,20,0,0
2021,5.4,21.4,0,0,0
2021,5.4,9.4,0,0,0
2021,5.4,8.8,0,0,0
2021,5.4,9.1,0,0,0
2021,5.4,1,15,30,20
2021,5.4,18.5,0,20,0
2021,5.4,13.6,55,0,0
2021,5.4,3.8,15,30,0
2021,5.5,9.5,0,0,0
2021,5.5,21.8,0,0,0
2021,5.5,22,0,0,0
2021,5.5,8.4,0,0,0
2021,5.5,9.5,0,10,0
2021,5.5,8.6,50,30,10
2021,5.5,12.2,30,35,0
2021,5.5,11.1,0,0,0
2021,5.5,8.5,0,0,0
2021,5.5,4,70,50,0
2021,5.5,8.9,0,0,0
2021,5.5,13,0,30,30
2021,5.5,8.6,0,0,0
2021,5.5,9.5,0,0,0
2021,5.5,9.5,0,0,0
2021,5.6,22.5,0,0,0
2021,5.6,0,0,0,0
2021,5.6,0,0,0,0
2021,5.6,0,0,0,0
2021,5.6,22.5,0,0,0
2021,5.6,11.3,0,0,0
2021,5.6,0,0,0,0
2021,5.6,22.5,0,0,0
2021,5.6,0,0,0,0
2021,5.6,0,0,0,0
2021,5.6,8.9,0,0,0
2021,5.6,7.5,0,15,10
2021,5.6,3.4,0,50,0
2021,5.6,0,0,0,0
2021,5.6,0,0,0,0
2021,5.6,0,0,0,0
2021,5.6,22.5,0,0,0
2021,5.6,11.5,0,0,0
2021,5.6,10.2,40,40,0
2021,5.6,11.9,10,45,15
2021,5.6,22.5,0,0,0
2021,5.6,10.1,0,0,0
2021,5.6,0,0,0,0
2021,5.6,0,0,0,0
2021,5.6,22.3,0,0,0
2021,5.6,11.3,0,0,0
2021,5.6,0,0,0,0
2021,5.6,7.5,25,0,0
2021,5.6,22.5,0,0,0
2021,5.6,0,0,0,0
2021,5.6,0,0,0,0
2021,5.6,0,0,0,0
2021,5.6,6,20,15,0
2021,5.6,9.5,0,0,0
2021,5.6,0,0,0,0
2021,5.6,0,0,0,0
2021,5.6,0,0,0,0
2021,5.6,22.5,0,0,0
2021,5.6,0,0,0,0
2021,5.6,0,0,0,0
2021,5.6,0,0,0,0
2021,5.6,0,0,0,0
2021,5.6,22.5,0,0,0
2021,5.6,3.4,10,25,0
2021,5.6,0,0,0,0
2021,5.6,0,0,0,0
2021,5.6,15,15,35,0
2021,5.6,0,0,0,0
2021,5.6,22.5,0,0,0
2021,5.6,22.5,0,0,0
2021,5.6,0,0,0,0
2021,5.6,22.5,0,0,0
2021,5.6,22.5,0,0,0
2021,5.6,0,0,0,0
2021,5.6,22.5,0,0,0
2021,5.6,0,0,0,0
2021,5.6,0,0,0,0
2021,5.6,0,0,0,0
2021,5.6,0,0,0,0
2021,5.7,19,25,0,0
2021,5.7,8.5,10,0,0
2021,5.7,10.1,10,0,0
2021,5.7,10.1,10,0,0
2021,5.7,18.4,30,0,0
2021,5.7,4,45,50,30
2021,5.7,11.7,0,0,0
2021,5.7,5.2,50,0,0
2021,5.7,11.5,0,0,0
2021,5.8,0,0,0,0
2021,5.8,7.5,20,0,10
2021,5.8,7.5,20,10,0
2021,5.8,8.5,10,15,0
2021,5.8,9.5,0,0,0
2021,5.8,15,55,0,0
2021,5.8,0,0,0,0
2021,5.8,9.5,0,0,0
2021,5.8,23,0,0,0
2021,5.8,8,0,10,0
2021,5.8,9.5,0,10,0
2021,5.8,10.4,10,60,15
2021,5.8,5.6,35,0,10
2021,5.8,20.2,0,20,0
2021,5.8,9.5,0,0,0
2021,5.8,0,0,0,0
2021,5.8,0,0,0,0
2021,5.8,0,40,30,10
2021,5.8,1,0,0,0
2021,5.8,7.5,0,0,30
2021,5.9,23.5,0,0,0
2021,5.9,0,0,0,10
2021,5.9,11.1,0,0,0
2021,5.9,23.4,0,0,0
2021,5.9,10.8,0,0,0
2021,5.9,19.8,0,0,25
2021,5.9,0,10,0,0
2021,5.9,10,0,0,0
2021,5.9,7.5,0,15,0
2021,5.9,6.6,15,5,20
2021,5.9,10.1,0,0,0
2021,5.9,7.5,0,0,15
2021,5.9,10.1,0,0,0
2021,5.9,0,0,0,10
2021,5.9,0,0,0,10
2021,5.9,0,0,0,10
2021,6,8.5,0,20,0
2021,6,6.6,10,15,0
2021,6,7.6,0,20,0
2021,6,9.6,70,15,10
2021,6,16.6,20,0,30
2021,6,9.1,10,15,0
2021,6,8.2,30,0,0
2021,6,23.8,0,0,0
2021,6,11.3,10,0,0
2021,6,12.7,0,0,0
2021,6,4,50,0,10
2021,6,11.7,0,0,0
2021,6,23.8,0,0,0
2021,6,0,25,45,0
2021,6,3.4,0,45,0
2021,6,1.6,0,0,0
2021,6,10,20,0,0
2021,6,15,10,0,50
2021,6,7.5,0,20,0
2021,6,7.6,50,20,40
2021,6,1.6,0,0,0
2021,6.1,0,0,0,0
2021,6.1,12.9,20,30,25
2021,6.1,2,0,0,0
2021,6.1,10.7,0,0,0
2021,6.1,12.1,0,0,0
2021,6.1,0,0,0,0
2021,6.1,0,0,0,0
2021,6.1,11.9,0,0,0
2021,6.1,8.2,20,5,10
2021,6.1,6.8,20,25,0
2021,6.1,20,20,0,0
2021,6.1,11.9,0,0,0
2021,6.1,0,15,70,0
2021,6.1,0,0,0,0
2021,6.1,0,0,0,0
2021,6.1,0,0,0,0
2021,6.1,0,0,0,0
2021,6.1,0,0,0,0
2021,6.1,0,0,0,15
2021,6.1,0,0,10,5
2021,6.1,10.1,0,0,20
2021,6.1,2.2,0,0,0
2021,6.1,19,20,5,10
2021,6.1,0,0,0,0
2021,6.1,24.2,0,0,0
2021,6.2,19.4,10,25,0
2021,6.2,9.6,35,45,20
2021,6.2,7.5,0,25,0
2021,6.2,2.6,0,0,0
2021,6.2,5.8,0,25,25
2021,6.2,7.5,35,0,5
2021,6.2,11.3,0,0,0
2021,6.2,3.6,0,0,0
2021,6.2,8.9,0,15,0
2021,6.2,9.9,25,0,0
2021,6.2,1,0,0,10
2021,6.2,3.6,0,0,0
2021,6.2,17.7,0,15,30
2021,6.2,11.2,60,10,20
2021,6.2,22.5,0,5,10
2021,6.2,11.3,0,0,0
2021,6.2,9.7,0,0,15
2021,6.2,1.6,0,0,0
2021,6.2,12.5,0,0,0
2021,6.2,7.5,0,25,0
2021,6.3,11.8,0,0,0
2021,6.3,10,0,25,0
2021,6.3,10.9,0,0,10
2021,6.3,15,0,0,0
2021,6.3,4.6,0,30,15
2021,6.3,6.4,0,40,0
2021,6.3,1,0,0,0
2021,6.3,11.7,0,0,0
2021,6.3,2.2,80,0,0
2021,6.3,7.4,40,5,0
2021,6.3,25.2,0,0,0
2021,6.3,9.5,20,10,0
2021,6.4,9.5,25,0,0
2021,6.4,0,0,0,0
2021,6.4,0,0,0,0
2021,6.4,0,0,0,0
2021,6.4,13.1,0,0,0
2021,6.4,11.3,20,0,0
2021,6.4,3.8,25,30,0
2021,6.4,0,0,0,0
2021,6.4,6,10,30,0
2021,6.4,11.3,20,0,0
2021,6.4,7.5,0,30,0
2021,6.4,11.1,0,15,0
2021,6.4,0,0,0,0
2021,6.4,15.8,65,0,0
2021,6.4,0,0,0,0
2021,6.4,3.2,0,0,0
2021,6.4,25.6,0,0,0
2021,6.4,25.4,0,0,0
2021,6.5,15,0,0,0
2021,6.5,15,0,0,0
2021,6.5,15,0,0,0
2021,6.5,15,0,0,0
2021,6.5,15,0,0,0
2021,6.5,13.8,0,0,0
2021,6.5,12.9,0,0,0
2021,6.5,15,0,0,0
2021,6.5,15,0,0,0
2021,6.5,15,0,0,0
2021,6.5,16,30,20,15
2021,6.5,15,0,0,0
2021,6.5,11,10,45,45
2021,6.5,15,0,0,0
2021,6.5,8.5,30,0,0
2021,6.5,15,0,0,0
2021,6.5,15,0,0,0
2021,6.5,15,0,0,0
2021,6.5,15,0,0,0
2021,6.5,15,0,0,0
2021,6.5,15,0,0,0
2021,6.5,15,0,0,0
2021,6.5,11.9,10,0,10
2021,6.5,15,0,0,0
2021,6.5,15,0,0,0
2021,6.5,15,0,0,0
2021,6.5,13.1,0,0,0
2021,6.5,15,0,0,0
2021,6.5,11.9,10,0,10
2021,6.5,15,0,0,0
2021,6.5,15,0,0,0
2021,6.5,3.8,0,0,0
2021,6.5,15,0,0,0
2021,6.5,2.4,10,0,0
2021,6.5,15,0,0,0
2021,6.5,0.6,10,0,10
2021,6.5,15,0,0,0
2021,6.5,15,0,0,0
2021,6.6,26.4,0,0,0
2021,6.6,13.3,0,0,0
2021,6.6,5.8,0,30,15
2021,6.6,8.9,10,15,0
2021,6.6,15,0,0,0
2021,6.6,13.6,0,0,10
2021,6.6,13.7,0,0,10
2021,6.6,3,50,15,0
2021,6.6,12.7,0,0,0
2021,6.6,15,0,0,0
2021,6.6,15,0,0,0
2021,6.6,7.5,0,35,0
2021,6.6,15,0,0,0
2021,6.6,1,10,0,10
2021,6.6,22.6,0,25,0
2021,6.6,26.2,0,0,0
2021,6.6,15,0,0,0
2021,6.7,26.9,0,0,0
2021,6.7,13.1,30,20,40
2021,6.7,13.5,10,0,0
2021,6.7,0,0,0,0
2021,6.7,1.6,5,15,0
2021,6.7,0,0,0,0
2021,6.7,0,0,0,0
2021,6.7,0,0,0,0
2021,6.7,0,0,0,0
2021,6.7,0,0,30,0
2021,6.7,2,30,85,50
2021,6.7,26.9,0,0,0
2021,6.7,8.1,50,0,0
2021,6.7,0,0,0,0
2021,6.7,0,0,0,0
2021,6.7,24.4,0,15,0
2021,6.7,5.2,10,20,40
2021,6.7,14.5,0,0,0
2021,6.7,13.9,0,0,0
2021,6.7,9.5,0,25,0
2021,6.7,0,0,0,0
2021,6.7,0,0,0,0
2021,6.7,0,0,0,0
2021,6.7,0,0,0,0
2021,6.7,0,0,0,0
2021,6.7,0,0,0,0
2021,6.7,0,0,0,0
2021,6.7,0,0,0,0
2021,6.7,0,0,0,0
2021,6.7,7.5,10,45,0
2021,6.7,0,25,5,0
2021,6.8,22.5,20,10,0
2021,6.8,15,0,0,0
2021,6.8,15,0,0,0
2021,6.8,15,0,0,0
2021,6.8,15,0,0,0
2021,6.8,27,0,0,0
2021,6.8,15,0,0,0
2021,6.8,15,0,0,0
2021,6.8,0,0,25,0
2021,6.8,5,0,0,0
2021,6.8,17.1,0,65,0
2021,6.8,14.7,0,0,0
2021,6.8,15,0,0,0
2021,6.8,15,0,0,0
2021,6.8,27.3,0,0,0
2021,6.8,6,0,0,0
2021,6.8,2,0,0,20
2021,6.8,3.6,5,0,5
2021,6.8,3.4,0,0,10
2021,6.8,15,0,0,0
2021,6.8,2.2,10,35,30
2021,6.8,15,0,0,0
2021,6.8,15,0,0,0
2021,6.8,22.8,20,0,10
2021,6.8,27.1,0,0,0
2021,6.8,15.5,10,0,0
2021,6.8,16,0,0,0
2021,6.8,15,0,0,0
2021,6.8,15,0,0,0
2021,6.8,15,0,0,0
2021,6.8,22.5,30,0,0
2021,6.9,15,10,0,0
2021,6.9,12.5,0,10,0
2021,6.9,1,0,0,0
2021,6.9,23.8,0,25,0
2021,6.9,0,20,15,0
2021,6.9,7.5,25,15,20
2021,6.9,9.4,0,30,0
2021,6.9,1,15,5,10
2021,6.9,17,50,0,20
2021,6.9,15.4,0,0,0
2021,6.9,13.9,0,0,0
2021,6.9,0,15,0,20
2021,6.9,0,20,5,10
2021,6.9,3.4,0,0,0
2021,6.9,16,0,0,0
2021,7,2.6,0,0,0
2021,7,17,0,0,0
2021,7,17.6,0,0,0
2021,7,24.5,25,0,0
2021,7,7.5,0,0,0
2021,7,15.7,0,0,0
2021,7,17,0,0,0
2021,7,13.7,50,45,0
2021,7,0,25,80,80
2021,7,16.9,0,0,0
2021,7,15,0,0,0
2021,7,15,0,0,0
2021,7,9.5,0,0,40
2021,7,15,0,0,0
2021,7,7.5,0,45,0
2021,7,15,0,0,0
2021,7,15,0,0,0
2021,7,2.6,15,5,0
2021,7,15,0,0,0
2021,7,15.5,0,0,0
2021,7,10.8,100,10,5
2021,7,9.5,50,0,0
2021,7.1,15,0,0,0
2021,7.1,15,0,0,0
2021,7.1,15,0,0,0
2021,7.1,16,0,0,0
2021,7.1,15,0,0,0
2021,7.1,15,0,0,0
2021,7.1,15,0,0,0
2021,7.1,18,0,70,0
2021,7.1,28.4,0,0,0
2021,7.1,14.9,0,0,0
2021,7.1,15,0,0,0
2021,7.1,4.8,80,0,5
2021,7.1,28.5,0,0,0
2021,7.1,15,0,0,0
2021,7.1,15,0,0,0
2021,7.1,13.7,10,15,0
2021,7.1,11.1,10,30,0
2021,7.1,15,0,0,0
2021,7.1,15,15,0,0
2021,7.1,15,0,0,0
2021,7.1,1.6,0,0,0
2021,7.1,15,0,0,0
2021,7.1,4.2,0,0,0
2021,7.1,9.9,35,15,0
2021,7.1,15,0,0,0
2021,7.1,6.4,10,0,0
2021,7.1,15,0,0,0
2021,7.1,12.9,15,0,15
2021,7.1,10.3,0,30,0
2021,7.1,15,0,0,0
2021,7.1,15,0,0,0
2021,7.1,15,0,0,0
2021,7.1,15,0,0,0
2021,7.1,15,0,0,0
2021,7.1,4.8,10,45,100
2021,7.1,15,0,0,0
2021,7.1,15,0,0,0
2021,7.1,15,0,0,0
2021,7.2,1.6,0,0,10
2021,7.2,18.1,0,0,0
2021,7.2,0,0,45,0
2021,7.2,7.5,0,0,0
2021,7.2,6.4,0,0,0
2021,7.2,2,0,0,0
2021,7.2,4.4,0,0,0
2021,7.2,12.1,0,10,15
2021,7.2,0,50,0,0
2021,7.2,2,0,0,0
2021,7.2,2,0,0,0
2021,7.2,3.4,0,0,0
2021,7.2,15,0,10,0
2021,7.2,2,0,0,0
2021,7.2,10.7,0,30,0
2021,7.2,28.9,0,0,0
2021,7.2,9.7,0,35,0
2021,7.2,18,0,0,0
2021,7.2,8.2,0,0,0
2021,7.2,21.2,35,5,10
2021,7.2,2,0,0,0
2021,7.2,28.7,0,0,0
2021,7.2,15.5,20,0,0
2021,7.3,15,0,0,10
2021,7.3,17.8,0,0,0
2021,7.3,17,0,0,0
2021,7.3,17,0,0,0
2021,7.3,2.6,0,0,0
2021,7.3,3.6,0,0,0
2021,7.3,2.4,0,0,0
2021,7.3,0,0,15,0
2021,7.3,11.9,25,0,0
2021,7.3,14.1,25,75,0
2021,7.3,13.5,10,5,15
2021,7.3,16.2,0,0,0
2021,7.3,2.6,0,30,0
2021,7.3,16.5,10,0,0
2021,7.3,3.8,0,0,0
2021,7.3,10.2,40,65,20
2021,7.3,1,35,5,0
2021,7.3,13.5,0,30,0
2021,7.4,7.5,10,45,20
2021,7.4,7.5,0,0,0
2021,7.4,7.5,0,0,0
2021,7.4,7.5,0,0,0
2021,7.4,7.5,0,0,0
2021,7.4,7.5,0,0,0
2021,7.4,7.5,0,0,0
2021,7.4,7.5,0,0,0
2021,7.4,7.5,0,0,0
2021,7.4,7.5,0,0,0
2021,7.4,7.5,0,0,0
2021,7.4,11.5,0,30,0
2021,7.4,7.5,0,0,0
2021,7.4,7.5,0,0,0
2021,7.4,7.5,0,0,0
2021,7.4,7.5,0,0,0
2021,7.4,7.5,0,0,0
2021,7.4,7.5,0,0,0
2021,7.4,7.5,0,0,0
2021,7.4,7.5,0,0,0
2021,7.4,7.5,0,0,0
2021,7.4,7.5,0,0,0
2021,7.4,0,50,0,0
2021,7.4,7.5,0,0,0
2021,7.4,7.5,0,0,0
2021,7.4,7.5,0,0,0
2021,7.4,7.5,0,0,0
2021,7.4,7.5,0,0,0
2021,7.4,4,0,0,0
2021,7.4,8.5,10,40,0
2021,7.4,7.5,0,0,0
2021,7.4,7.5,0,0,0
2021,7.4,7.5,0,0,0
2021,7.4,7.5,0,0,0
2021,7.4,7.5,0,0,0
2021,7.4,7.5,0,0,0
2021,7.4,7.5,0,0,0
2021,7.4,7.5,0,0,0
2021,7.4,7.5,0,0,0
2021,7.4,7.5,0,0,0
2021,7.4,11.8,40,0,5
2021,7.4,7.5,0,0,0
2021,7.4,0,0,20,0
2021,7.4,12.9,0,20,0
2021,7.4,7.5,0,0,0
2021,7.4,7.5,0,0,0
2021,7.4,4,0,0,0
2021,7.4,7.5,0,0,0
2021,7.4,7.5,0,0,0
2021,7.4,7.5,0,0,0
2021,7.4,7.5,0,0,0
2021,7.4,11.1,10,10,30
2021,7.4,7.5,0,0,0
2021,7.4,7.5,0,0,0
2021,7.4,15,10,5,10
2021,7.4,7.5,0,0,0
2021,7.4,7.5,0,0,0
2021,7.4,7.5,0,0,0
2021,7.4,7.5,0,0,0
2021,7.4,7.5,0,0,0
2021,7.4,7.5,0,0,0
2021,7.4,7.5,0,0,0
2021,7.4,7.5,0,0,0
2021,7.4,0,10,10,0
2021,7.4,7.5,0,0,0
2021,7.4,7.5,0,0,0
2021,7.4,7.5,0,0,0
2021,7.4,7.5,0,0,0
2021,7.4,7.5,0,0,0
2021,7.4,7.5,0,0,0
2021,7.4,7.5,0,0,0
2021,7.4,7.5,0,0,0
2021,7.4,7.5,0,0,0
2021,7.4,7.5,0,0,0
2021,7.4,7.5,0,0,0
2021,7.4,4.4,10,0,10
2021,7.4,7.5,0,0,0
2021,7.4,7.5,0,0,0
2021,7.4,7.5,0,0,0
2021,7.4,7.5,0,0,0
2021,7.4,7.5,0,0,0
2021,7.4,7.5,0,0,0
2021,7.4,7.5,0,0,0
2021,7.4,2.8,0,0,0
2021,7.4,0,10,30,10
2021,7.4,7.5,0,0,0
2021,7.4,7.5,0,0,0
2021,7.4,7.5,0,0,0
2021,7.4,7.5,0,0,0
2021,7.4,7.5,0,0,0
2021,7.4,7.5,0,0,0
2021,7.4,7.5,0,0,0
2021,7.4,7.5,0,0,0
2021,7.5,30,0,0,0
2021,7.5,8.6,0,0,0
2021,7.5,8.6,0,0,0
2021,7.5,4,0,25,0
2021,7.5,16.7,20,0,0
2021,7.5,27.1,20,0,0
2021,7.5,17.8,0,0,0
2021,7.5,29.9,0,0,0
2021,7.5,17.2,0,0,10
2021,7.5,12.9,35,0,5
2021,7.5,11.4,40,0,10
2021,7.5,10.7,45,0,10
2021,7.5,4.6,0,0,0
2021,7.5,17,0,0,0
2021,7.5,5.8,35,40,0
2021,7.5,8,25,30,0
2021,7.5,7.5,0,50,100
2021,7.5,14.5,0,20,0
2021,7.5,26.5,0,25,0
2021,7.5,16.5,0,0,0
2021,7.5,18.6,0,0,0
2021,7.5,1,0,15,0
2021,7.5,19.6,30,40,0
2021,7.6,23.4,0,45,0
2021,7.6,19,0,0,0
2021,7.6,15.3,0,10,0
2021,7.6,2,15,5,20
2021,7.6,30.4,0,0,0
2021,7.6,18.1,0,0,0
2021,7.6,2,0,0,20
2021,7.6,3.6,0,0,0
2021,7.6,18.9,0,0,0
2021,7.6,10.1,0,0,0
2021,7.6,6.8,0,10,0
2021,7.6,17,0,0,0
2021,7.6,3.6,0,0,0
2021,7.6,6,0,0,0
2021,7.6,15.1,0,25,0
2021,7.6,3.6,0,0,0
2021,7.6,19.1,0,0,0
2021,7.6,12.5,0,30,0
2021,7.6,17,0,0,0
2021,7.6,11.1,20,25,10
2021,7.6,19.4,0,0,0
2021,7.7,15.8,45,45,10
2021,7.7,17.2,0,0,0
2021,7.7,8.5,0,0,0
2021,7.7,12.3,30,10,0
2021,7.7,7.5,0,0,0
2021,7.7,6.6,0,0,0
2021,7.7,3.6,0,0,10
2021,7.7,7.6,0,0,0
2021,7.7,13.5,40,45,30
2021,7.7,7.5,0,0,0
2021,7.7,14.9,0,0,15
2021,7.7,6.4,0,0,0
2021,7.7,0,10,10,50
2021,7.7,15,0,15,15
2021,7.7,6.6,25,45,0
2021,7.7,8.5,0,0,0
2021,7.7,13.7,0,40,0
2021,7.7,19.8,0,0,0
2021,7.7,17.4,15,0,0
2021,7.7,7.5,0,0,5
2021,7.7,8.5,0,0,0
2021,7.7,4.2,0,0,30
2021,7.7,2.6,10,0,0
2021,7.7,0,0,0,0
2021,7.7,15,20,0,0
2021,7.7,6.8,40,70,50
2021,7.7,7.5,20,30,30
2021,7.7,18.6,0,0,0
2021,7.7,15.9,10,15,0
2021,7.7,17.4,0,0,0
2021,7.7,1,35,5,10
2021,7.7,7.6,0,0,0
2021,7.8,7.5,0,0,10
2021,7.8,14.7,0,20,0
2021,7.8,11.9,25,15,15
2021,7.8,12.1,0,35,0
2021,7.8,4,0,20,0
2021,7.8,7.5,10,0,0
2021,7.8,7.5,10,0,0
2021,7.8,7.5,80,5,0
2021,7.8,7.5,0,0,10
2021,7.8,12.1,25,25,0
2021,7.8,7.5,0,0,10
2021,7.8,9.1,0,0,0
2021,7.8,18.6,5,5,0
2021,7.8,16.9,50,45,0
2021,7.8,17,0,0,20
2021,7.8,6,10,10,0
2021,7.8,15.1,0,15,0
2021,7.8,3,0,10,0
2021,7.8,8.2,0,0,0
2021,7.8,5.8,15,0,5
2021,7.8,18.1,0,0,0
2021,7.8,7,0,0,0
2021,7.8,3,10,0,0
2021,7.8,7.5,65,10,10
2021,7.8,12.7,30,10,10
2021,7.8,20.2,0,0,0
2021,7.8,0,20,25,15
2021,7.9,9.5,0,0,0
2021,7.9,3.4,30,0,10
2021,7.9,19.2,0,0,0
2021,7.9,18,0,0,0
2021,7.9,14.5,20,0,20
2021,7.9,14.1,0,25,0
2021,7.9,30,10,0,0
2021,7.9,16.4,20,0,0
2021,7.9,21.6,55,0,10
2021,7.9,1,0,25,0
2021,7.9,13.7,20,15,0
2021,7.9,6.2,0,0,0
2021,7.9,4.6,0,10,0
2021,7.9,4,0,15,20
2021,7.9,3.2,30,0,10
2021,7.9,31.6,0,0,0
2021,7.9,7.5,0,0,25
2021,7.9,19.5,80,0,0
2021,7.9,11,0,45,0
2021,7.9,12.8,0,35,0
2021,7.9,12.8,0,35,0
2021,7.9,17,25,0,0
2021,7.9,9.5,0,0,0
2021,7.9,11.5,30,0,30
2021,8,17.1,0,15,0
2021,8,9.9,0,0,0
2021,8,7.5,0,0,0
2021,8,7.5,0,0,0
2021,8,7.5,0,0,0
2021,8,7.5,0,0,0
2021,8,7.5,0,0,0
2021,8,20.6,0,0,0
2021,8,0,20,45,0
2021,8,19.8,0,0,0
2021,8,7.5,0,0,0
2021,8,11.1,0,20,30
2021,8,7.5,0,0,0
2021,8,19.8,0,0,0
2021,8,7.5,0,0,0
2021,8,7.5,0,0,0
2021,8,10.5,30,15,20
2021,8,9.5,0,60,0
2021,8,7.5,0,0,0
2021,8,16.2,55,0,50
2021,8,7.8,0,0,0
2021,8,7.5,0,0,0
2021,8,7.5,0,0,0
2021,8,19.5,0,0,0
2021,8,0,0,10,0
2021,8,9.7,0,0,0
2021,8,0,0,45,20
2021,8,7.5,0,0,0
2021,8,7.5,0,0,0
2021,8,7.5,0,0,0
2021,8,7.5,0,0,0
2021,8,0,0,0,0
2021,8,0,0,0,0
2021,8,0,0,0,0
2021,8,15,0,20,20
2021,8,0,0,0,0
2021,8,8.2,0,0,10
2021,8,11,60,60,20
2021,8,15.4,0,20,0
2021,8,7.5,0,0,0
2021,8,7.5,0,0,0
2021,8,0,0,35,0
2021,8,7.5,0,0,0
2021,8,20.9,0,0,0
2021,8,21,0,0,0
2021,8,7.5,0,0,0
2021,8,7.5,0,0,0
2021,8,7.5,0,0,0
2021,8,18.9,0,0,0
2021,8,7.5,0,0,0
2021,8,7.5,0,0,0
2021,8,28.2,25,0,0
2021,8,7.5,0,0,0
2021,8,0,0,0,0
2021,8,31.9,0,0,0
2021,8,5.2,0,0,0
2021,8,7.5,0,0,0
2021,8,11.5,0,45,0
2021,8,7.5,0,0,0
2021,8,7.5,0,0,0
2021,8,18,0,0,20
2021,8,11.7,15,15,30
2021,8,3,0,35,10
2021,8,12.9,25,0,30
2021,8,7.5,0,0,0
2021,8.1,10.1,0,0,0
2021,8.1,20.3,50,0,30
2021,8.1,20,0,0,0
2021,8.1,8.5,0,20,50
2021,8.1,14.5,50,0,0
2021,8.1,19.4,0,0,0
2021,8.1,18.8,0,0,0
2021,8.1,10.1,0,0,0
2021,8.1,20,0,0,0
2021,8.1,8,0,0,0
2021,8.1,2.6,0,45,5
2021,8.1,10.1,0,0,0
2021,8.1,7.6,50,40,0
2021,8.1,10.7,50,0,20
2021,8.1,3.4,25,0,0
2021,8.1,10.1,0,0,0
2021,8.1,9.9,50,0,15
2021,8.1,3.4,0,15,0
2021,8.1,7.5,25,0,0
2021,8.1,20.2,0,0,0
2021,8.1,10.1,0,0,0
2021,8.1,18.6,0,10,0
2021,8.1,10.1,0,0,0
2021,8.1,11.8,0,45,0
2021,8.1,23.2,15,45,0
2021,8.2,4,50,0,0
2021,8.2,8.5,0,0,15
2021,8.2,19.8,0,0,0
2021,8.2,8.5,0,0,0
2021,8.2,8.5,0,0,0
2021,8.2,32.9,0,0,0
2021,8.2,8.5,0,0,0
2021,8.2,2,0,0,0
2021,8.2,21.2,0,0,0
2021,8.2,11.5,0,0,0
2021,8.2,11.8,0,35,15
2021,8.2,8.5,0,0,0
2021,8.2,20.6,0,0,0
2021,8.2,20,0,0,0
2021,8.2,8.5,0,0,0
2021,8.2,9.5,5,0,0
2021,8.2,7.5,20,0,0
2021,8.2,9.5,0,0,5
2021,8.2,32.9,0,0,0
2021,8.2,19.4,0,0,0
2021,8.2,3,15,0,35
2021,8.2,1,0,0,0
2021,8.2,17.6,0,20,0
2021,8.2,29.7,20,0,0
2021,8.2,14.9,0,30,0
2021,8.2,6.2,55,15,35
2021,8.2,11.5,0,0,0
2021,8.2,8.4,0,0,0
2021,8.2,2,0,25,0
2021,8.2,15.8,20,35,60
2021,8.2,17,20,0,10
2021,8.2,13.7,0,50,0
2021,8.2,17,15,0,0
2021,8.3,0,0,0,0
2021,8.3,7.5,0,0,0
2021,8.3,0,0,0,0
2021,8.3,19.8,0,0,0
2021,8.3,15,30,0,0
2021,8.3,0,0,0,0
2021,8.3,0,0,0,0
2021,8.3,0,0,0,0
2021,8.3,0,0,0,0
2021,8.3,0,0,0,0
2021,8.3,7.5,0,0,0
2021,8.3,8.9,0,0,0
2021,8.3,1.4,0,0,0
2021,8.3,0,0,0,0
2021,8.3,6.8,0,15,0
2021,8.3,19.4,0,0,10
2021,8.3,0,0,0,0
2021,8.3,0,0,0,0
2021,8.3,0,0,0,0
2021,8.3,0,0,0,0
2021,8.3,0,0,0,0
2021,8.3,16,75,0,40
2021,8.3,0,0,0,0
2021,8.3,0,0,0,0
2021,8.3,0,0,0,0
2021,8.3,6.6,0,0,0
2021,8.3,7.8,0,0,0
2021,8.3,10.5,0,45,15
2021,8.3,12.7,0,15,30
2021,8.3,0,0,0,0
2021,8.3,4.8,50,35,15
2021,8.3,33.3,0,0,0
2021,8.3,9.9,0,0,0
2021,8.3,0,0,0,0
2021,8.3,7.5,0,0,0
2021,8.3,22.5,0,0,0
2021,8.3,0,0,0,0
2021,8.3,7.5,5,0,20
2021,8.3,0,0,0,0
2021,8.3,11.4,35,60,50
2021,8.3,7.5,0,0,0
2021,8.3,7.5,0,0,0
2021,8.3,7.5,0,0,0
2021,8.3,15.1,0,30,0
2021,8.3,7.5,0,0,0
2021,8.3,0,0,0,0
2021,8.3,0,0,0,0
2021,8.3,0,0,0,0
2021,8.3,0,0,0,0
2021,8.3,0,0,0,0
2021,8.3,0,0,0,0
2021,8.3,0,0,0,0
2021,8.3,0,0,0,0
2021,8.3,0,0,0,0
2021,8.3,0,0,0,0
2021,8.3,7.5,0,0,0
2021,8.3,0,30,45,0
2021,8.3,0,0,0,0
2021,8.3,0,25,35,15
2021,8.3,0,0,0,0
2021,8.3,0,0,0,0
2021,8.3,10.1,0,0,5
2021,8.3,22,0,0,0
2021,8.3,0,0,0,0
2021,8.3,20.4,10,75,0
2021,8.3,0,0,0,0
2021,8.3,0,0,0,0
2021,8.3,4.2,0,0,15
2021,8.3,0,0,0,0
2021,8.3,7.5,0,0,0
2021,8.3,0,0,0,0
2021,8.3,12.9,0,40,20
2021,8.3,2,0,25,35
2021,8.3,0,0,0,0
2021,8.3,0,0,0,0
2021,8.3,0,0,0,0
2021,8.3,7.5,0,0,0
2021,8.3,7.5,0,0,0
2021,8.3,29.7,0,25,0
2021,8.3,0,0,0,0
2021,8.3,0,0,0,0
2021,8.3,7.5,0,0,0
2021,8.3,10.9,60,15,0
2021,8.3,33.3,0,0,0
2021,8.3,9.9,0,0,0
2021,8.3,16.5,0,30,0
2021,8.3,0,0,0,0
2021,8.3,0,0,0,0
2021,8.3,11.9,0,0,0
2021,8.3,0,0,0,0
2021,8.3,22.5,0,0,0
2021,8.3,0,0,0,0
2021,8.3,0,0,0,0
2021,8.3,0,0,0,0
2021,8.3,7.5,0,0,0
2021,8.3,0,0,0,0
2021,8.3,7.5,0,0,0
2021,8.3,0,0,0,0
2021,8.3,23.4,30,0,35
2021,8.3,7.5,0,0,0
2021,8.3,9.5,10,0,0
2021,8.3,0,0,0,0
2021,8.3,0,0,0,0
2021,8.3,0,0,0,0
2021,8.3,0,0,0,0
2021,8.3,0,0,0,0
2021,8.3,0,0,0,0
2021,8.3,0,0,0,0
2021,8.3,0,0,0,0
2021,8.3,0,0,0,0
2021,8.3,0,0,0,0
2021,8.3,0,0,0,0
2021,8.3,0,0,0,0
2021,8.3,0,0,0,0
2021,8.3,7.5,0,25,0
2021,8.3,0,0,0,0
2021,8.3,0,0,0,0
2021,8.3,11.1,0,0,0
2021,8.3,9.5,10,0,0
2021,8.3,0,0,0,0
2021,8.4,0,0,45,0
2021,8.4,22.5,0,0,0
2021,8.4,0,0,45,0
2021,8.4,21.2,0,0,0
2021,8.4,2.4,25,25,10
2021,8.4,21.4,0,0,0
2021,8.4,22.5,0,0,0
2021,8.4,21,50,15,20
2021,8.4,15.3,50,0,0
2021,8.4,22.5,0,0,0
2021,8.4,33.6,0,0,0
2021,8.4,6.8,0,0,0
2021,8.4,9.1,0,0,0
2021,8.4,22.5,0,0,0
2021,8.4,22.5,0,0,0
2021,8.4,6.8,0,0,0
2021,8.4,10.1,10,55,0
2021,8.4,16,15,20,10
2021,8.4,11.5,0,0,0
2021,8.4,22.4,0,0,0
2021,8.4,7.5,50,45,5
2021,8.4,9.9,10,0,0
2021,8.4,30.6,0,20,0
2021,8.4,1.4,0,35,0
2021,8.4,19,0,15,0
2021,8.4,12.1,0,0,0
2021,8.4,4.6,10,35,0
2021,8.4,22.5,0,0,0
2021,8.4,22.5,0,0,0
2021,8.4,22.5,0,0,0
2021,8.4,22.5,0,0,0
2021,8.4,22.5,0,0,0
2021,8.4,22.5,0,0,0
2021,8.4,22.5,0,0,0
2021,8.4,11.2,0,0,0
2021,8.4,2.4,0,0,30
2021,8.4,22.5,0,0,0
2021,8.4,22.5,0,0,0
2021,8.4,22.5,0,0,0
2021,8.4,5.8,25,0,10
2021,8.4,15.1,20,0,30
2021,8.4,7,20,0,10
2021,8.4,0,0,45,0
2021,8.5,10.1,0,10,0
2021,8.5,15.1,0,0,0
2021,8.5,2.6,40,75,20
2021,8.5,23,0,0,0
2021,8.5,2,40,15,10
2021,8.5,9.5,0,0,0
2021,8.5,20.4,0,0,0
2021,8.5,2,10,0,0
2021,8.5,22.5,0,0,0
2021,8.5,25,0,0,60
2021,8.5,30.8,10,10,0
2021,8.5,9.5,0,0,0
2021,8.5,15,0,50,0
2021,8.5,23.2,0,0,0
2021,8.5,17.6,0,20,0
2021,8.5,16,10,0,25
2021,8.5,21.6,0,0,0
2021,8.5,15,45,0,0
2021,8.5,7.2,0,0,0
2021,8.5,33.8,0,0,0
2021,8.5,17,0,40,0
2021,8.5,20.4,0,0,0
2021,8.5,4.4,10,10,30
2021,8.5,8.6,10,0,10
2021,8.5,10.8,0,0,0
2021,8.5,2.6,30,0,0
2021,8.5,14.3,80,20,30
2021,8.5,20.4,0,0,0
2021,8.5,9.5,0,0,0
2021,8.5,18,0,0,15
2021,8.5,22.5,0,0,0
2021,8.5,3.2,0,50,0
2021,8.5,22.4,0,0,0
2021,8.5,18.8,20,40,40
2021,8.5,11.9,0,0,0
2021,8.6,7.5,0,0,0
2021,8.6,7.5,30,0,0
2021,8.6,7.5,0,0,0
2021,8.6,0,0,5,5
2021,8.6,19.6,0,0,25
2021,8.6,7.5,0,0,0
2021,8.6,7.5,0,0,0
2021,8.6,7.5,0,0,0
2021,8.6,7.5,0,0,0
2021,8.6,7.5,0,20,10
2021,8.6,12.1,0,0,0
2021,8.6,17.4,40,0,0
2021,8.6,7.5,0,0,0
2021,8.6,22.2,0,0,0
2021,8.6,10,0,0,0
2021,8.6,7.5,20,10,0
2021,8.6,7.5,0,0,0
2021,8.6,7.5,0,0,0
2021,8.6,7.5,0,0,0
2021,8.6,10.1,0,0,0
2021,8.6,10,0,0,0
2021,8.6,0,0,0,10
2021,8.6,7.5,0,25,0
2021,8.6,0,0,0,10
2021,8.6,9.5,0,5,0
2021,8.6,7.5,0,0,0
2021,8.6,7.5,0,0,0
2021,8.6,7.5,0,0,0
2021,8.6,1,0,0,0
2021,8.6,10.1,0,0,0
2021,8.6,7.5,0,0,0
2021,8.6,7.5,0,0,0
2021,8.6,7.5,0,0,0
2021,8.6,7.5,0,0,0
2021,8.6,7.5,0,0,0
2021,8.6,7.5,0,0,0
2021,8.6,22.5,0,5,0
2021,8.6,7.5,0,0,0
2021,8.6,7.5,0,0,0
2021,8.6,21.9,0,0,0
2021,8.6,7.5,0,0,0
2021,8.6,7.5,0,0,0
2021,8.6,7.5,0,0,0
2021,8.6,7.5,0,0,0
2021,8.6,8.4,30,60,10
2021,8.6,29.1,0,25,10
2021,8.6,7.5,0,0,0
2021,8.6,0,0,0,10
2021,8.6,0,0,0,10
2021,8.6,7.5,0,0,0
2021,8.6,7.5,0,0,0
2021,8.6,7.5,0,0,0
2021,8.6,7.5,0,0,0
2021,8.6,7.5,0,0,0
2021,8.6,7.8,0,0,0
2021,8.6,7.5,0,0,0
2021,8.6,7.5,0,0,0
2021,8.6,7.5,0,0,0
2021,8.6,7.5,0,0,0
2021,8.6,10.5,0,65,20
2021,8.6,7.5,0,0,0
2021,8.6,7.5,0,0,0
2021,8.6,7.5,0,0,0
2021,8.6,7.4,30,45,15
2021,8.6,7.5,0,0,0
2021,8.6,7.5,0,0,0
2021,8.6,16.3,0,30,0
2021,8.6,1,0,0,0
2021,8.6,7.5,0,0,0
2021,8.6,7.5,0,0,0
2021,8.6,7.5,0,0,0
2021,8.6,7.5,0,0,0
2021,8.6,7.5,0,0,0
2021,8.6,7.5,0,0,0
2021,8.6,7.5,0,0,0
2021,8.6,7.5,0,0,0
2021,8.6,6,0,10,0
2021,8.6,7.5,0,0,0
2021,8.6,8.2,60,20,20
2021,8.6,7.5,0,0,0
2021,8.6,21,0,0,0
2021,8.6,7.5,0,0,0
2021,8.6,7.5,0,0,0
2021,8.6,7.5,0,0,0
2021,8.6,7.5,0,0,0
2021,8.6,7.5,0,0,0
2021,8.6,16.4,0,30,0
2021,8.6,7.5,0,0,0
2021,8.6,7.5,0,0,0
2021,8.6,30,0,30,0
2021,8.6,10.1,0,0,0
2021,8.6,23,0,0,0
2021,8.6,7.5,0,0,0
2021,8.6,7.5,0,0,0
2021,8.6,7.5,0,0,0
2021,8.6,3.6,0,0,0
2021,8.6,7.5,0,0,0
2021,8.6,7.5,0,0,0
2021,8.6,1.8,10,30,0
2021,8.6,10.1,0,0,0
2021,8.6,0,0,0,25
2021,8.6,7.5,0,0,0
2021,8.6,7.5,0,0,0
2021,8.6,22.5,5,0,0
2021,8.6,22.6,0,5,0
2021,8.6,1,35,40,0
2021,8.6,21,0,0,15
2021,8.7,22.5,0,0,0
2021,8.7,22.5,0,0,0
2021,8.7,22.5,0,0,0
2021,8.7,10.5,0,0,0
2021,8.7,27.7,35,0,10
2021,8.7,10.6,0,0,0
2021,8.7,22.5,0,0,0
2021,8.7,16,35,0,0
2021,8.7,0,0,75,10
2021,8.7,22.5,0,0,0
2021,8.7,21.9,0,0,0
2021,8.7,22.5,0,0,0
2021,8.7,22.5,0,0,0
2021,8.7,22.5,0,0,0
2021,8.7,2.4,85,35,20
2021,8.7,21.2,0,0,0
2021,8.7,6.6,0,10,0
2021,8.7,22.5,0,0,0
2021,8.7,22.5,0,0,0
2021,8.7,22.4,0,0,0
2021,8.7,2.6,0,35,0
2021,8.7,4.8,90,80,30
2021,8.7,23.5,0,0,0
2021,8.7,16.9,0,30,0
2021,8.7,12.7,50,15,10
2021,8.7,0,0,0,0
2021,8.7,2.6,10,30,25
2021,8.7,20.8,0,0,10
2021,8.7,29.3,0,35,0
2021,8.7,9.5,20,0,0
2021,8.7,21.2,0,0,0
2021,8.7,22.4,0,0,0
2021,8.7,22.5,0,0,0
2021,8.7,22.5,0,0,0
2021,8.7,22.5,0,0,0
2021,8.7,0,0,0,0
2021,8.7,22.5,0,0,0
2021,8.7,0,0,0,0
2021,8.7,21.8,0,0,0
2021,8.7,6.4,55,45,0
2021,8.7,22.5,0,0,0
2021,8.7,11.1,10,55,20
2021,8.7,20.2,35,50,10
2021,8.8,12.9,0,0,0
2021,8.8,13.9,0,0,0
2021,8.8,3.4,0,0,0
2021,8.8,5,0,20,10
2021,8.8,5.4,40,10,0
2021,8.8,10.9,0,0,0
2021,8.8,10.8,0,0,0
2021,8.8,21,20,0,0
2021,8.8,10.3,25,0,0
2021,8.8,8.4,30,0,0
2021,8.8,12.9,0,0,0
2021,8.8,30.6,10,0,20
2021,8.8,14,35,0,25
2021,8.8,12.9,0,0,0
2021,8.8,9.5,10,0,25
2021,8.8,22,0,15,0
2021,8.8,16.5,30,0,20
2021,8.8,4.8,35,20,0
2021,8.8,5.6,0,20,0
2021,8.8,22.4,0,0,0
2021,8.8,10.1,20,0,0
2021,8.8,3.2,10,25,0
2021,8.8,35,0,0,0
2021,8.8,7.5,70,10,30
2021,8.8,8.5,0,0,0
2021,8.8,20.1,0,100,0
2021,8.8,9.5,0,0,0
2021,8.8,8.5,0,0,0
2021,8.8,8.5,0,0,0
2021,8.8,0,70,60,30
2021,8.8,2,0,0,0
2021,8.8,19.4,10,15,5
2021,8.8,35.2,0,0,0
2021,8.8,10.4,30,45,0
2021,8.8,19.4,30,0,0
2021,8.8,7.5,35,0,0
2021,8.8,8.5,0,0,0
2021,8.8,11.7,25,40,0
2021,8.8,7,0,10,0
2021,8.8,12.5,10,0,50
2021,8.8,2,0,0,0
2021,8.8,7.5,0,35,0
2021,8.8,11.3,10,0,0
2021,8.8,7.5,0,25,10
2021,8.8,12.9,0,0,0
2021,8.8,13.7,30,35,5
2021,8.8,9.5,10,15,0
2021,8.9,22.5,0,0,0
2021,8.9,23.2,0,0,0
2021,8.9,22.5,0,0,0
2021,8.9,9,40,0,0
2021,8.9,11.1,0,0,0
2021,8.9,0,15,0,0
2021,8.9,11.1,0,0,0
2021,8.9,4.2,30,15,15
2021,8.9,16.6,25,25,0
2021,8.9,11.3,0,0,0
2021,8.9,0,0,15,0
2021,8.9,7.5,0,15,0
2021,8.9,22.5,0,0,0
2021,8.9,4.2,0,30,0
2021,8.9,2,0,45,0
2021,8.9,2,0,45,0
2021,8.9,21.4,20,0,0
2021,8.9,18.6,30,0,10
2021,8.9,22.7,0,0,0
2021,8.9,11.1,0,0,0
2021,8.9,22.5,0,0,0
2021,8.9,7.5,0,0,40
2021,8.9,10.1,0,0,0
2021,8.9,7.5,0,10,0
2021,8.9,0,50,0,40
2021,8.9,19.9,25,5,0
2021,8.9,10.1,0,0,0
2021,8.9,4.2,30,0,0
2021,8.9,8.9,0,0,0
2021,8.9,8.9,0,0,0
2021,8.9,2,30,15,0
2021,8.9,23.4,0,0,0
2021,8.9,20.5,55,45,0
2021,8.9,15,0,0,0
2021,8.9,23.4,0,0,0
2021,8.9,22.5,0,0,0
2021,8.9,23.5,50,30,0
2021,8.9,22.5,0,0,0
2021,8.9,10.3,20,45,30
2021,8.9,15,25,0,40
2021,8.9,22.5,0,0,0
2021,8.9,0,10,5,0
2021,8.9,18.6,20,20,0
2021,8.9,11.1,0,0,0
2021,8.9,0,25,0,0
2021,8.9,7.5,0,0,10
2021,8.9,8.8,10,15,5
2021,8.9,0,5,0,10
2021,8.9,0,0,10,5
2021,8.9,7.8,20,45,45
2021,8.9,1,5,5,0
2021,9,19.6,0,20,0
2021,9,11.5,0,0,15
2021,9,15.7,15,30,15
2021,9,9.9,20,75,5
2021,9,22.5,0,0,0
2021,9,32.5,25,0,0
2021,9,22.5,0,0,0
2021,9,6.2,20,0,30
2021,9,20.6,0,20,0
2021,9,22.5,0,0,0
2021,9,9.5,55,30,0
2021,9,22.5,0,0,0
2021,9,22.5,0,0,0
2021,9,22.5,0,0,0
2021,9,22.5,0,0,0
2021,9,22.5,0,0,0
2021,9,24.7,0,0,0
2021,9,22.5,0,0,0
2021,9,11.5,0,0,0
2021,9,12.9,0,0,0
2021,9,22.5,0,0,0
2021,9,21.5,25,0,0
2021,9,22.5,0,0,0
2021,9,7.5,0,20,0
2021,9,32.8,20,0,0
2021,9,15.1,55,0,10
2021,9,13.7,0,0,0
2021,9,15.7,10,50,0
2021,9,22.5,0,0,0
2021,9,14.5,30,35,5
2021,9,9.5,0,15,0
2021,9,24.6,0,0,0
2021,9,22.5,0,0,0
2021,9,22.5,0,0,0
2021,9,22.5,0,0,0
2021,9,22.5,0,0,0
2021,9,22.4,0,0,0
2021,9,22.5,0,0,0
2021,9,17,0,35,0
2021,9,22.5,0,0,0
2021,9,9.1,0,0,0
2021,9,10.3,0,0,0
2021,9,22.5,0,0,0
2021,9,2.6,50,0,30
2021,9,23.6,0,0,0
2021,9,22.5,0,0,0
2021,9,22.5,0,0,0
2021,9,15.1,10,45,10
2021,9,21,0,15,0
2021,9,16.6,10,30,0
2021,9,9.1,0,0,0
2021,9,30,0,40,0
2021,9,15,50,0,0
2021,9,22.5,0,0,0
2021,9,9.4,0,0,0
2021,9,13.9,0,0,0
2021,9,16.6,25,20,10
2021,9.1,7.6,50,0,70
2021,9.1,8.9,20,15,0
2021,9.1,15,0,0,0
2021,9.1,15.9,0,45,0
2021,9.1,12.1,0,0,0
2021,9.1,12.1,0,0,0
2021,9.1,10.7,0,0,0
2021,9.1,15,0,0,0
2021,9.1,12.1,0,0,0
2021,9.1,4.4,40,90,10
2021,9.1,7.5,80,0,30
2021,9.1,2,10,50,20
2021,9.1,8.5,50,30,15
2021,9.1,10.7,0,0,0
2021,9.1,4.4,0,35,0
2021,9.1,25.1,0,45,30
2021,9.1,8.9,20,0,0
2021,9.1,23.9,0,0,0
2021,9.1,12.1,0,0,0
2021,9.1,9.5,0,0,0
2021,9.1,15,0,0,0
2021,9.1,19.4,10,0,30
2021,9.1,13.3,0,0,5
2021,9.1,11.9,0,0,0
2021,9.1,9.5,50,30,25
2021,9.1,9.5,10,10,10
2021,9.1,25.1,10,45,20
2021,9.1,22.2,0,0,10
2021,9.1,15,0,0,0
2021,9.1,9.5,0,0,0
2021,9.1,7.4,0,15,0
2021,9.1,0,20,0,0
2021,9.1,16.4,30,0,30
2021,9.1,12.7,30,35,20
2021,9.1,9.5,0,0,0
2021,9.1,11.9,0,0,0
2021,9.1,15,0,0,0
2021,9.1,11.1,20,0,0
2021,9.1,3,0,0,0
2021,9.1,2,10,0,0
2021,9.1,2,10,0,0
2021,9.1,25.9,20,50,0
2021,9.1,7.5,20,25,0
2021,9.2,14.9,55,0,0
2021,9.2,14.7,0,0,0
2021,9.2,17.4,25,15,0
2021,9.2,5.4,15,45,0
2021,9.2,0,0,0,0
2021,9.2,3.2,0,45,0
2021,9.2,11.1,0,0,10
2021,9.2,0,0,0,0
2021,9.2,0,0,0,0
2021,9.2,12.5,0,0,0
2021,9.2,10.1,0,0,0
2021,9.2,0,0,0,0
2021,9.2,0,0,0,0
2021,9.2,10.1,0,0,0
2021,9.2,2.4,10,0,0
2021,9.2,10.5,0,35,50
2021,9.2,3.6,0,0,0
2021,9.2,21.4,25,0,0
2021,9.2,0,15,0,0
2021,9.2,7.5,0,10,15
2021,9.2,7.5,0,15,0
2021,9.2,4.8,0,0,0
2021,9.2,7.5,0,20,15
2021,9.2,0,0,0,0
2021,9.2,15,0,60,0
2021,9.2,18.9,0,20,15
2021,9.2,16.4,0,0,0
2021,9.2,11.7,25,0,0
2021,9.2,0,0,0,0
2021,9.2,20.4,0,20,0
2021,9.2,29.2,50,0,0
2021,9.2,7,30,20,0
2021,9.2,5,0,0,0
2021,9.2,13.1,10,0,0
2021,9.2,9.9,0,30,0
2021,9.2,14.4,0,45,15
2021,9.2,3.6,0,0,0
2021,9.2,26.1,0,0,0
2021,9.2,0,0,0,0
2021,9.2,0,0,0,0
2021,9.2,4.2,25,35,10
2021,9.2,11.7,40,15,40
2021,9.2,18,0,50,0
2021,9.2,14.5,0,0,0
2021,9.2,23.4,0,0,0
2021,9.2,0,0,25,0
2021,9.2,11.3,0,0,0
2021,9.2,7.5,0,15,0
2021,9.2,8.5,10,0,0
2021,9.2,26.1,0,0,0
2021,9.2,25.8,0,0,0
2021,9.2,0,0,0,0
2021,9.2,10.4,25,75,0
2021,9.2,0,0,0,0
2021,9.2,10.1,10,0,20
2021,9.2,12.4,0,0,0
2021,9.2,7,10,0,40
2021,9.2,10,0,0,0
2021,9.2,10.1,0,0,0
2021,9.2,0,0,0,0
2021,9.2,15,20,0,50
2021,9.2,11.1,10,15,0
2021,9.2,0,0,0,0
2021,9.2,24.6,0,0,0
2021,9.2,7,30,0,20
2021,9.3,15,0,0,0
2021,9.3,3.4,0,30,15
2021,9.3,12.3,75,0,0
2021,9.3,23.2,10,0,0
2021,9.3,15,0,0,0
2021,9.3,11.3,0,0,25
2021,9.3,15,0,0,0
2021,9.3,10.3,30,0,0
2021,9.3,15,0,0,0
2021,9.3,15,0,0,0
2021,9.3,18.7,30,0,20
2021,9.3,15,0,0,0
2021,9.3,15,0,0,0
2021,9.3,15,0,0,0
2021,9.3,15,0,0,0
2021,9.3,15,0,0,0
2021,9.3,15,0,0,0
2021,9.3,15,0,0,0
2021,9.3,2.4,0,0,0
2021,9.3,15,0,0,0
2021,9.3,15,0,0,0
2021,9.3,2.4,0,0,0
2021,9.3,10.4,0,0,0
2021,9.3,19.3,0,0,30
2021,9.3,15,0,0,0
2021,9.3,15,0,0,0
2021,9.3,7.5,0,20,0
2021,9.3,10.5,0,0,0
2021,9.3,15,0,0,0
2021,9.3,15,0,0,0
2021,9.3,7.5,0,20,0
2021,9.3,15,0,0,0
2021,9.3,15,0,0,0
2021,9.3,0,35,50,15
2021,9.3,15,0,0,0
2021,9.3,20.8,55,15,40
2021,9.3,15,0,0,0
2021,9.3,15,0,0,0
2021,9.3,15,0,0,0
2021,9.3,15,0,0,0
2021,9.3,15,0,0,0
2021,9.3,8.4,5,0,40
2021,9.3,15,0,0,0
2021,9.3,15,0,0,0
2021,9.3,11.5,25,0,0
2021,9.3,15,0,0,0
2021,9.3,15,0,0,0
2021,9.3,15,0,0,0
2021,9.3,15,0,0,0
2021,9.3,15,0,0,0
2021,9.3,15,0,0,0
2021,9.3,15,0,0,0
2021,9.3,13,60,90,10
2021,9.3,8.4,50,0,0
2021,9.3,15,0,0,0
2021,9.3,5.8,0,40,0
2021,9.3,23.2,20,0,0
2021,9.3,21.9,0,25,0
2021,9.3,15,0,0,0
2021,9.3,23.5,0,0,0
2021,9.3,15,0,0,0
2021,9.3,22.5,15,0,10
2021,9.3,15,0,0,0
2021,9.3,15.1,0,0,0
2021,9.3,7.5,0,0,50
2021,9.3,15,0,0,0
2021,9.3,15.1,0,0,0
2021,9.3,23.6,0,0,0
2021,9.3,18.4,20,15,15
2021,9.3,15,0,0,0
2021,9.3,15,0,0,0
2021,9.3,15,0,0,0
2021,9.3,15,0,0,0
2021,9.3,15,0,0,0
2021,9.3,15,0,0,0
2021,9.3,15,0,0,0
2021,9.3,16,0,0,0
2021,9.3,15,25,25,25
2021,9.3,15,0,0,0
2021,9.3,15,0,0,0
2021,9.3,15,0,0,0
2021,9.3,10.3,15,5,10
2021,9.3,9.5,0,0,5
2021,9.3,2.6,0,0,10
2021,9.3,24.4,40,25,20
2021,9.3,15,0,0,0
2021,9.3,15,0,0,0
2021,9.3,11.9,20,0,0
2021,9.3,1.4,40,50,0
2021,9.3,15,0,0,0
2021,9.3,15,0,0,0
2021,9.3,15,0,0,0
2021,9.3,15,0,0,0
2021,9.3,10,0,25,0
2021,9.3,15,0,0,0
2021,9.3,15,0,0,0
2021,9.3,15,30,45,0
2021,9.3,15,0,0,0
2021,9.3,15,0,0,0
2021,9.3,10.5,30,0,0
2021,9.3,15,0,0,0
2021,9.3,22.5,0,25,0
2021,9.3,13.9,15,30,35
2021,9.3,13.3,65,0,20
2021,9.3,15,0,0,0
2021,9.3,15,0,0,0
2021,9.3,15,0,0,0
2021,9.3,15,0,0,0
2021,9.3,15,0,0,0
2021,9.3,15,0,0,0
2021,9.3,15,0,0,0
2021,9.3,15,0,0,0
2021,9.3,15,0,0,0
2021,9.3,15,0,0,0
2021,9.3,15,0,0,0
2021,9.3,15,0,0,0
2021,9.4,11.7,0,0,25
2021,9.4,12.5,75,0,0
2021,9.4,24.5,0,0,0
2021,9.4,37.4,0,0,0
2021,9.4,5.6,0,0,0
2021,9.4,37.5,0,0,0
2021,9.4,20.4,55,60,0
2021,9.4,2,0,0,15
2021,9.4,25.4,0,0,0
2021,9.4,37.5,0,0,0
2021,9.4,37.5,0,0,0
2021,9.4,13.3,0,0,0
2021,9.4,8.5,0,0,15
2021,9.4,9.1,55,45,0
2021,9.4,17,0,0,0
2021,9.4,12.5,50,35,10
2021,9.4,10.7,0,0,0
2021,9.4,11.9,0,0,0
2021,9.4,11,0,0,0
2021,9.4,10.9,0,0,0
2021,9.4,18.3,30,0,25
2021,9.4,4.8,50,0,20
2021,9.4,33.2,30,0,0
2021,9.4,3,10,0,0
2021,9.4,11,25,70,10
2021,9.4,22,0,25,5
2021,9.4,4.4,0,0,0
2021,9.4,12.2,20,0,0
2021,9.4,32.9,0,30,0
2021,9.4,25.1,0,0,0
2021,9.4,22.7,90,10,0
2021,9.4,8.9,20,25,0
2021,9.4,15.5,0,0,0
2021,9.4,12.7,25,35,15
2021,9.4,15.9,25,5,40
2021,9.4,12,0,0,0
2021,9.4,10.9,0,0,0
2021,9.4,24.2,0,0,0
2021,9.4,9.5,0,10,0
2021,9.4,4.2,0,0,0
2021,9.4,5.6,0,0,0
2021,9.4,10.9,0,0,0
2021,9.4,22.4,0,10,0
2021,9.4,9.2,35,5,0
2021,9.4,21.5,0,15,0
2021,9.4,10.9,0,0,0
2021,9.4,4.4,30,30,0
2021,9.4,11.9,0,0,0
2021,9.4,15.2,0,0,0
2021,9.4,20.5,30,0,10
2021,9.4,3,10,0,0
2021,9.4,14.5,40,0,40
2021,9.5,15,0,0,0
2021,9.5,22,0,15,0
2021,9.5,11.1,10,0,0
2021,9.5,7.5,0,45,10
2021,9.5,4.8,0,0,0
2021,9.5,15,0,0,0
2021,9.5,16.5,25,0,45
2021,9.5,15.6,0,0,0
2021,9.5,11.1,0,0,0
2021,9.5,7.5,0,0,0
2021,9.5,7.5,0,0,0
2021,9.5,15,0,0,0
2021,9.5,15.3,30,90,30
2021,9.5,15.9,0,0,0
2021,9.5,13.5,0,0,0
2021,9.5,13.7,0,0,0
2021,9.5,0,0,0,0
2021,9.5,3,0,0,0
2021,9.5,15,0,0,0
2021,9.5,5.8,25,10,0
2021,9.5,7.5,40,0,0
2021,9.5,15,0,5,0
2021,9.5,3.4,10,0,0
2021,9.5,15.9,0,0,0
2021,9.5,2.6,5,0,10
2021,9.5,15,0,0,0
2021,9.5,16.5,20,20,30
2021,9.5,10.9,0,25,0
2021,9.5,21,0,0,40
2021,9.5,0,30,0,0
2021,9.5,13.5,0,0,0
2021,9.5,15,0,0,0
2021,9.5,7.5,0,0,0
2021,9.5,19.8,10,20,0
2021,9.5,12.7,50,0,50
2021,9.5,15,0,0,0
2021,9.5,11.1,0,0,0
2021,9.5,3.6,20,50,10
2021,9.5,12.9,20,70,5
2021,9.5,0,30,45,0
2021,9.5,15,0,0,0
2021,9.5,2.4,0,60,0
2021,9.5,11.3,0,0,0
2021,9.5,26.4,20,0,55
2021,9.5,15,60,15,5
2021,9.5,10.5,10,15,10
2021,9.5,21,0,30,10
2021,9.5,2.4,15,0,0
2021,9.5,17.7,50,0,10
2021,9.5,15,0,5,0
2021,9.5,15,0,0,0
2021,9.6,16,0,45,15
2021,9.6,14.1,0,0,0
2021,9.6,0,0,0,0
2021,9.6,0,0,0,0
2021,9.6,10.6,10,10,15
2021,9.6,11.1,20,0,0
2021,9.6,26.2,0,0,0
2021,9.6,27.1,0,0,0
2021,9.6,13.5,25,0,0
2021,9.6,2,10,0,10
2021,9.6,30.8,0,50,0
2021,9.6,4,10,0,0
2021,9.6,11.5,0,0,0
2021,9.6,8.8,0,20,0
2021,9.6,5,0,0,0
2021,9.6,0,0,0,0
2021,9.6,25.1,0,15,0
2021,9.6,0,0,15,20
2021,9.6,25,40,0,50
2021,9.6,1,0,5,0
2021,9.6,21.8,0,20,0
2021,9.6,10.3,30,0,10
2021,9.6,26.2,0,0,0
2021,9.6,16,0,0,0
2021,9.6,0,0,0,0
2021,9.6,4.6,0,45,0
2021,9.6,16,0,0,0
2021,9.6,0,0,0,0
2021,9.6,0,0,0,0
2021,9.6,23.8,30,0,0
2021,9.6,11.5,0,0,0
2021,9.6,2.8,0,45,15
2021,9.6,18.1,50,0,10
2021,9.6,15.4,50,15,10
2021,9.6,16,0,0,0
2021,9.6,9.2,0,15,0
2021,9.6,16,0,0,0
2021,9.6,4,0,50,0
2021,9.6,0,0,0,0
2021,9.6,3.6,10,60,15
2021,9.6,20.4,50,60,10
2021,9.6,4.2,40,35,5
2021,9.6,16.1,0,0,0
2021,9.6,0,35,0,0
2021,9.7,11.1,5,0,0
2021,9.7,16.9,30,25,0
2021,9.7,14.9,10,0,0
2021,9.7,26.3,0,0,20
2021,9.7,16.6,20,30,25
2021,9.7,16.4,0,0,0
2021,9.7,7.5,0,30,0
2021,9.7,35,0,0,25
2021,9.7,34.3,0,30,0
2021,9.7,21.4,0,25,10
2021,9.7,14.5,0,0,0
2021,9.7,26.4,0,0,0
2021,9.7,11.9,0,0,0
2021,9.7,11.9,0,0,0
2021,9.7,11.9,0,0,0
2021,9.7,16.4,30,45,0
2021,9.7,23.6,0,25,0
2021,9.7,14.3,0,0,0
2021,9.7,22.6,40,0,0
2021,9.7,8.6,30,0,0
2021,9.7,12.9,0,10,0
2021,9.7,2.4,20,0,0
2021,9.7,3,0,60,0
2021,9.7,24.5,5,15,0
2021,9.7,10.5,10,0,0
2021,9.7,15,0,0,10
2021,9.7,12.1,15,0,15
2021,9.7,16.6,0,0,0
2021,9.7,4.4,30,50,0
2021,9.7,16.1,50,0,30
2021,9.7,7.5,45,15,0
2021,9.7,13.3,0,0,0
2021,9.7,7.5,0,30,0
2021,9.7,2,0,0,0
2021,9.7,7.5,0,30,0
2021,9.7,14.5,0,0,0
2021,9.7,7.5,0,30,0
2021,9.7,9.5,0,25,0
2021,9.7,9.5,0,25,0
2021,9.7,16.7,30,40,5
2021,9.7,11.7,10,0,15
2021,9.7,17.5,0,0,0
2021,9.7,14.3,0,0,0
2021,9.7,15.2,20,0,0
2021,9.7,25.4,0,0,0
2021,9.7,12.1,0,30,0
2021,9.7,25.2,0,0,0
2021,9.7,15,10,0,0
2021,9.7,15,0,0,10
2021,9.7,8.5,0,45,10
2021,9.8,15,0,0,0
2021,9.8,7.5,0,0,0
2021,9.8,15,0,0,0
2021,9.8,23.1,0,10,10
2021,9.8,7.5,0,0,0
2021,9.8,15,0,0,0
2021,9.8,26.3,0,0,0
2021,9.8,7.5,0,0,0
2021,9.8,14.9,0,0,0
2021,9.8,7.5,0,0,0
2021,9.8,15,0,0,0
2021,9.8,15,0,0,0
2021,9.8,15,0,0,0
2021,9.8,14.7,0,0,0
2021,9.8,15,0,0,0
2021,9.8,15,0,0,0
2021,9.8,15,0,0,0
2021,9.8,15,0,0,15
2021,9.8,15,0,0,0
2021,9.8,15,0,0,0
2021,9.8,15,0,0,0
2021,9.8,15,0,0,0
2021,9.8,15,0,0,0
2021,9.8,16.9,30,35,10
2021,9.8,14.7,0,0,0
2021,9.8,7.5,0,0,0
2021,9.8,18,0,0,0
2021,9.8,15,0,0,0
2021,9.8,9.5,20,30,0
2021,9.8,28.1,0,0,0
2021,9.8,15,0,0,0
2021,9.8,7,70,65,5
2021,9.8,7.5,0,0,0
2021,9.8,7.5,0,0,0
2021,9.8,15,0,0,0
2021,9.8,16,0,0,0
2021,9.8,0,30,0,10
2021,9.8,15,0,0,0
2021,9.8,4.8,80,0,0
2021,9.8,16,0,0,5
2021,9.8,15,0,0,0
2021,9.8,0,20,0,20
2021,9.8,0,15,25,0
2021,9.8,11.1,0,25,0
2021,9.8,31.2,45,0,10
2021,9.8,7,30,35,0
2021,9.8,2.6,50,15,0
2021,9.8,13.2,0,10,15
2021,9.8,15,0,0,0
2021,9.8,15,0,0,0
2021,9.8,15,0,0,0
2021,9.8,16,0,0,0
2021,9.8,26.4,0,0,10
2021,9.8,14.9,0,0,0
2021,9.8,15,0,0,0
2021,9.8,10.9,30,5,5
2021,9.8,15,0,0,0
2021,9.8,39.2,0,0,0
2021,9.8,7.2,20,15,30
2021,9.8,14.7,0,0,0
2021,9.8,26.9,0,0,0
2021,9.8,15,0,0,0
2021,9.8,0,50,0,0
2021,9.8,15,0,0,0
2021,9.8,11.1,0,10,0
2021,9.8,15,0,0,0
2021,9.8,15,0,0,0
2021,9.8,15,0,20,50
2021,9.8,16,0,0,0
2021,9.8,15,0,0,0
2021,9.8,11.1,15,15,10
2021,9.8,15,0,10,5
2021,9.8,6.4,15,45,10
2021,9.8,10.5,50,0,0
2021,9.8,5.4,0,45,0
2021,9.8,2.6,0,0,0
2021,9.8,9.6,0,45,5
2021,9.8,7.5,0,0,0
2021,9.8,15,0,0,0
2021,9.8,13.5,10,0,0
2021,9.8,17,0,0,0
2021,9.8,9.5,10,30,10
2021,9.8,2.6,0,0,0
2021,9.8,15,0,0,0
2021,9.8,15,0,0,0
2021,9.8,15,0,0,0
2021,9.8,15,0,0,0
2021,9.8,15,0,0,0
2021,9.8,14.4,80,10,0
2021,9.8,6.6,40,20,10
2021,9.8,1.4,5,25,0
2021,9.8,15,0,15,0
2021,9.8,7.5,0,0,0
2021,9.8,14.9,0,0,0
2021,9.9,27.1,0,0,0
2021,9.9,16.6,0,0,0
2021,9.9,3,0,0,0
2021,9.9,12.7,0,0,0
2021,9.9,9.9,20,20,10
2021,9.9,7.5,0,0,65
2021,9.9,15.1,0,0,0
2021,9.9,6.4,0,0,0
2021,9.9,27,10,0,0
2021,9.9,15.1,0,0,0
2021,9.9,6,0,45,0
2021,9.9,20.2,0,25,15
2021,9.9,8.5,25,0,40
2021,9.9,12.9,0,0,0
2021,9.9,7.5,0,35,0
2021,9.9,1,0,0,0
2021,9.9,20.8,40,10,0
2021,9.9,5.4,30,50,0
2021,9.9,7.2,55,50,20
2021,9.9,20.8,25,25,0
2021,9.9,24.9,25,0,0
2021,9.9,6.4,0,0,0
2021,9.9,10.6,50,0,0
2021,9.9,13.9,20,0,5
2021,9.9,25.1,25,0,0
2021,9.9,7.5,0,35,0
2021,9.9,14.1,0,0,0
2021,9.9,6.4,50,20,5
2021,9.9,16,0,0,10
2021,9.9,26.1,0,0,0
2021,9.9,32.5,30,15,0
2021,9.9,10.7,30,5,10
2021,9.9,22.5,30,10,0
2021,9.9,1,25,0,10
2021,9.9,14.1,0,0,0
2021,9.9,4,90,35,40
2021,9.9,15.3,0,0,0
2021,9.9,14.9,30,20,40
2021,9.9,0,0,0,10
2021,9.9,8.2,30,30,0
2021,9.9,11.9,20,15,0
2021,9.9,1.6,20,0,10
2021,9.9,10.9,35,0,10
2021,9.9,6.8,55,80,10
2021,9.9,6.8,40,10,20
2021,9.9,16,30,45,10
2021,9.9,4,0,5,10
2021,9.9,24.9,10,15,0
2021,9.9,11.5,0,40,0
2021,10,2,20,0,10
2021,10,15.5,15,60,15
2021,10,13.1,10,0,20
2021,10,4.6,0,5,10
2021,10,1.6,0,0,0
2021,10,27.1,0,5,0
2021,10,5,0,0,0
2021,10,15,0,0,40
2021,10,14,0,10,0
2021,10,25.4,30,15,50
2021,10,21.8,50,0,0
2021,10,1.4,70,25,15
2021,10,1,0,0,40
2021,10,3.2,0,0,0
2021,10,20.6,10,30,0
2021,10,15,20,10,0
2021,10,5.8,40,35,80
2021,10,8.2,0,0,0
2021,10,18.2,65,0,0
2021,10,11.7,0,0,10
2021,10,11.9,25,5,10
2021,10,16.2,80,5,0
2021,10,25.2,0,25,0
2021,10,14.9,15,0,5
2021,10,10.3,20,30,0
2021,10,13.7,0,15,0
2021,10,26.5,0,0,0
2021,10,11.7,40,0,0
2021,10,13.9,30,30,40
2021,10,21.2,0,40,10
2021,10,0,30,5,10
2021,10,14.7,40,15,40
2021,10,5.8,50,5,25
2021,10,14.3,0,0,0
2021,10,7.5,75,0,0
2021,10,12.1,0,15,0
2021,10,7.5,55,0,0
2021,10,14.3,10,0,15
2021,10,8.9,0,30,0
2021,10,27.1,0,0,0
2021,10,14.9,20,0,0
2021,10,23.4,0,20,0
2021,10,6.6,0,0,0
2021,10,3.4,0,0,0
2021,10,16.7,0,0,0
2021,10.1,0,0,0,0
2021,10.1,15,0,0,0
2021,10.1,18.2,0,0,0
2021,10.1,8.6,0,0,0
2021,10.1,10.2,30,30,0
2021,10.1,15,0,0,0
2021,10.1,0,0,0,0
2021,10.1,0,0,0,0
2021,10.1,15,0,0,0
2021,10.1,15,50,0,45
2021,10.1,15,0,0,0
2021,10.1,0,0,0,0
2021,10.1,30,0,0,0
2021,10.1,3.6,0,0,0
2021,10.1,22.5,50,0,70
2021,10.1,0,70,50,0
2021,10.1,15,0,0,20
2021,10.1,15,0,0,0
2021,10.1,7.5,10,60,0
2021,10.1,14.5,0,0,25
2021,10.1,15,0,0,0
2021,10.1,0,0,0,0
2021,10.1,0,0,0,0
2021,10.1,17.8,0,30,30
2021,10.1,26.7,0,0,0
2021,10.1,0,0,0,0
2021,10.1,0,0,25,0
2021,10.1,0,0,0,0
2021,10.1,11.5,50,0,0
2021,10.1,17.4,0,0,0
2021,10.1,9.9,0,0,0
2021,10.1,16,0,0,0
2021,10.1,15,0,0,0
2021,10.1,11.4,40,60,25
2021,10.1,15,0,0,0
2021,10.1,0,0,0,0
2021,10.1,0,0,0,0
2021,10.1,12.4,0,0,15
2021,10.1,13.3,0,0,25
2021,10.1,7.5,5,0,0
2021,10.1,7.5,40,15,15
2021,10.1,16,0,0,0
2021,10.1,27.9,0,0,0
2021,10.1,18,0,0,0
2021,10.1,15,20,0,0
2021,10.1,15,0,0,0
2021,10.1,15,20,0,0
2021,10.1,4.2,20,0,0
2021,10.1,0,0,0,0
2021,10.1,0,0,0,0
2021,10.1,0,0,0,0
2021,10.1,0,0,0,0
2021,10.1,15,0,0,0
2021,10.1,0,0,0,0
2021,10.1,0,0,0,0
2021,10.1,15,0,0,0
2021,10.1,16.5,70,15,0
2021,10.1,22.2,0,30,0
2021,10.1,17.4,0,0,0
2021,10.1,15,0,0,0
2021,10.1,15.5,30,0,0
2021,10.1,0,0,0,0
2021,10.1,0,0,0,0
2021,10.1,22.5,0,45,0
2021,10.1,27.3,0,0,0
2021,10.1,0,0,0,0
2021,10.1,15,0,0,0
2021,10.1,15,0,0,0
2021,10.1,9.5,35,0,0
2021,10.1,0,0,0,0
2021,10.1,0,0,0,0
2021,10.1,0,0,0,0
2021,10.1,0,0,0,0
2021,10.1,15,0,0,0
2021,10.1,0,0,0,0
2021,10.1,0,0,0,0
2021,10.1,0,0,0,0
2021,10.1,3.6,0,0,0
2021,10.1,16,0,0,0
2021,10.1,0,0,0,0
2021,10.1,14.1,0,15,0
2021,10.1,0,0,0,0
2021,10.1,19.2,0,0,0
2021,10.1,0,0,0,0
2021,10.1,0,0,0,0
2021,10.1,0,0,0,0
2021,10.1,0,0,0,0
2021,10.1,0,0,0,0
2021,10.1,15,0,0,0
2021,10.1,0,0,0,0
2021,10.1,0,0,0,0
2021,10.1,0,0,0,0
2021,10.1,0,0,0,0
2021,10.1,16,0,0,0
2021,10.1,0,0,0,0
2021,10.1,15,15,5,0
2021,10.1,9.1,20,0,40
2021,10.1,9.2,45,75,15
2021,10.1,6,0,0,10
2021,10.1,17,40,45,70
2021,10.2,7.5,0,0,0
2021,10.2,7.5,0,0,0
2021,10.2,7.5,0,0,0
2021,10.2,17.5,0,0,0
2021,10.2,7.5,0,0,0
2021,10.2,7.5,0,0,0
2021,10.2,7.5,0,0,0
2021,10.2,20.7,20,0,40
2021,10.2,7.5,0,0,0
2021,10.2,7.5,0,0,0
2021,10.2,16.4,0,0,0
2021,10.2,19.3,0,0,0
2021,10.2,7.5,0,0,0
2021,10.2,0,10,0,40
2021,10.2,7.5,0,0,0
2021,10.2,7.5,0,0,0
2021,10.2,7.5,0,0,0
2021,10.2,7.5,0,0,0
2021,10.2,7.5,0,0,0
2021,10.2,7.5,0,0,0
2021,10.2,7.5,0,0,0
2021,10.2,7.5,30,0,45
2021,10.2,7.5,50,0,30
2021,10.2,7.5,0,0,0
2021,10.2,7.5,0,0,0
2021,10.2,0,0,0,50
2021,10.2,7.5,0,0,0
2021,10.2,7.5,0,0,0
2021,10.2,7.5,0,0,0
2021,10.2,13.9,0,0,0
2021,10.2,6.4,0,50,0
2021,10.2,9.5,0,50,10
2021,10.2,6.4,0,10,0
2021,10.2,7.5,0,0,0
2021,10.2,7.5,0,0,0
2021,10.2,0,0,0,0
2021,10.2,7.5,0,0,0
2021,10.2,7.5,0,0,0
2021,10.2,7.5,0,0,0
2021,10.2,7.5,0,0,0
2021,10.2,17.6,0,0,0
2021,10.2,16.8,50,90,20
2021,10.2,7.5,0,0,0
2021,10.2,9.1,10,0,0
2021,10.2,7.5,0,0,0
2021,10.2,5,40,30,20
2021,10.2,27.4,30,25,35
2021,10.2,0,0,0,0
2021,10.2,7.5,0,0,0
2021,10.2,12.7,50,60,0
2021,10.2,0,0,0,0
2021,10.2,7.5,0,0,0
2021,10.2,7.5,0,0,0
2021,10.2,7.5,0,0,0
2021,10.2,7.5,0,0,0
2021,10.2,7.5,0,0,0
2021,10.2,7.5,0,0,0
2021,10.2,7.5,0,0,0
2021,10.2,7.5,0,0,0
2021,10.2,7.5,0,0,0
2021,10.2,13.9,0,0,0
2021,10.2,14.3,15,0,0
2021,10.2,15,10,0,0
2021,10.2,7.5,0,0,0
2021,10.2,7.5,0,0,0
2021,10.2,7.5,0,0,0
2021,10.2,7.5,0,0,0
2021,10.2,7.5,0,0,0
2021,10.2,7.5,0,0,0
2021,10.2,17,10,0,0
2021,10.2,7.5,0,0,0
2021,10.2,17.5,25,55,0
2021,10.2,7.5,0,0,0
2021,10.2,7.5,0,0,0
2021,10.2,7.5,0,0,0
2021,10.2,7.5,0,0,0
2021,10.2,7.5,0,0,0
2021,10.2,7.5,0,0,0
2021,10.2,3,20,0,10
2021,10.2,7.5,0,0,0
2021,10.2,7.5,0,0,0
2021,10.2,7.5,0,0,0
2021,10.2,7.5,0,0,0
2021,10.2,7.5,0,0,0
2021,10.2,7.5,0,0,0
2021,10.2,7.5,0,0,0
2021,10.2,0,30,0,20
2021,10.2,7.5,0,0,0
2021,10.2,7.5,0,0,0
2021,10.2,0,10,30,10
2021,10.2,18.4,0,0,0
2021,10.2,7.5,0,0,0
2021,10.2,7.5,0,0,0
2021,10.2,7.5,0,0,0
2021,10.2,7.5,0,0,0
2021,10.2,7.5,0,0,0
2021,10.2,7.5,0,0,0
2021,10.2,7.5,0,0,0
2021,10.2,7.5,0,0,0
2021,10.2,7.5,0,0,0
2021,10.2,7.5,0,0,0
2021,10.2,7.5,0,0,0
2021,10.2,7.5,0,0,0
2021,10.2,0,0,0,0
2021,10.2,7.5,0,0,0
2021,10.2,7.5,0,0,0
2021,10.2,3.4,30,50,20
2021,10.2,7.5,0,0,0
2021,10.2,7.5,0,0,0
2021,10.2,7.5,0,0,0
2021,10.2,4.2,0,0,0
2021,10.2,7.5,0,0,0
2021,10.2,7.5,0,0,0
2021,10.2,7.5,0,0,0
2021,10.2,23.5,30,0,10
2021,10.2,18.5,0,0,0
2021,10.2,7.5,0,0,0
2021,10.2,14.1,20,0,10
2021,10.2,7.5,0,0,0
2021,10.2,4.2,25,20,50
2021,10.2,7.5,0,0,0
2021,10.2,7.5,0,0,0
2021,10.2,15.5,10,5,5
2021,10.2,22.8,90,30,0
2021,10.2,7.5,0,0,0
2021,10.2,7.5,0,0,0
2021,10.2,7.5,0,0,0
2021,10.2,7.5,0,0,0
2021,10.2,9.9,10,0,40
2021,10.2,14.5,55,30,0
2021,10.2,13.7,0,0,25
2021,10.2,9.5,30,0,0
2021,10.2,7.5,0,0,0
2021,10.2,7.4,0,0,0
2021,10.2,7.5,0,0,0
2021,10.2,7.5,0,0,0
2021,10.2,7.5,0,0,0
2021,10.2,7.5,0,0,0
2021,10.2,9.5,10,20,30
2021,10.2,7.5,0,0,0
2021,10.2,7.5,0,0,0
2021,10.2,7.5,0,0,0
2021,10.2,22.2,10,25,15
2021,10.2,7.5,0,0,0
2021,10.2,7.5,50,5,20
2021,10.2,7.5,0,0,0
2021,10.2,7.5,0,0,0
2021,10.2,7.5,0,0,0
2021,10.2,7.5,0,0,0
2021,10.2,0,40,10,0
2021,10.2,7.5,0,0,0
2021,10.2,7.5,0,0,0
2021,10.2,7.5,0,0,0
2021,10.2,7.5,0,0,0
2021,10.2,7.5,0,0,0
2021,10.2,7.5,0,0,0
2021,10.2,7.5,0,0,0
2021,10.2,7.5,0,0,0
2021,10.2,7.5,0,0,0
2021,10.2,7.5,0,0,0
2021,10.2,7.5,0,0,0
2021,10.2,7.5,0,0,0
2021,10.2,7.5,0,0,0
2021,10.2,27.2,0,0,0
2021,10.2,28.5,0,0,0
2021,10.2,7.5,0,0,0
2021,10.2,20.4,0,45,0
2021,10.2,15.3,50,30,0
2021,10.2,7.5,0,0,0
2021,10.2,7.5,0,0,0
2021,10.2,7.5,0,0,0
2021,10.2,7.5,0,0,0
2021,10.2,23.5,20,15,5
2021,10.2,7.5,0,0,0
2021,10.2,7.5,0,0,0
2021,10.2,7.5,0,0,0
2021,10.2,7.5,0,0,0
2021,10.2,7.5,20,40,15
2021,10.2,7.5,0,0,0
2021,10.2,7.5,0,0,0
2021,10.2,7.5,0,0,0
2021,10.2,7.5,0,0,0
2021,10.2,7.5,0,0,0
2021,10.2,13.7,0,10,0
2021,10.2,7.5,0,0,0
2021,10.2,12.5,0,0,40
2021,10.2,7.5,0,0,0
2021,10.2,15.1,10,15,0
2021,10.2,7.5,0,0,0
2021,10.2,0,0,0,50
2021,10.2,7.5,0,0,0
2021,10.2,7.5,0,0,0
2021,10.2,7.5,0,0,0
2021,10.2,7.5,0,0,0
2021,10.2,7.5,0,0,0
2021,10.2,7.5,0,0,0
2021,10.2,7.5,0,0,0
2021,10.2,7.5,0,0,0
2021,10.2,7.5,0,0,0
2021,10.2,7.5,0,0,0
2021,10.2,7.5,0,0,0
2021,10.2,7.5,0,0,0
2021,10.2,7.5,0,0,0
2021,10.2,7.5,0,0,0
2021,10.2,7.5,0,0,0
2021,10.2,7.5,0,0,0
2021,10.2,7.5,0,0,0
2021,10.2,8.5,20,30,15
2021,10.2,7.5,0,0,0
2021,10.2,15,15,10,0
2021,10.2,14.1,15,15,0
2021,10.2,7.5,0,0,0
2021,10.2,7.5,0,0,0
2021,10.2,7.5,0,0,0
2021,10.2,0,0,0,0
2021,10.2,7.5,0,0,0
2021,10.3,4.4,0,0,0
2021,10.3,18,0,0,0
2021,10.3,30,0,0,0
2021,10.3,15,65,60,50
2021,10.3,1,30,60,0
2021,10.3,10.1,0,30,0
2021,10.3,13.1,30,0,10
2021,10.3,1.6,0,20,0
2021,10.3,9.5,0,40,0
2021,10.3,4.6,0,0,0
2021,10.3,18.2,0,0,0
2021,10.3,1,0,0,0
2021,10.3,17,0,0,0
2021,10.3,10.1,50,10,0
2021,10.3,12.7,30,0,25
2021,10.3,17,0,0,0
2021,10.3,4.6,0,0,0
2021,10.3,35.6,0,35,0
2021,10.3,17,0,0,0
2021,10.3,17,0,0,0
2021,10.3,15.5,10,15,0
2021,10.3,20,0,0,0
2021,10.3,7.7,0,0,0
2021,10.3,7.8,10,0,0
2021,10.3,28.9,0,0,0
2021,10.3,3.4,0,0,30
2021,10.3,35.2,25,15,0
2021,10.3,8,0,0,0
2021,10.3,24,0,35,5
2021,10.3,4.4,10,15,0
2021,10.3,30,0,0,0
2021,10.3,7.5,0,45,0
2021,10.3,9.5,0,0,0
2021,10.3,17.1,0,0,25
2021,10.3,6.8,30,50,0
2021,10.3,17,0,0,0
2021,10.3,30,0,0,0
2021,10.3,13.5,90,0,20
2021,10.3,3.2,100,0,5
2021,10.3,14.5,0,0,0
2021,10.3,1,0,0,0
2021,10.3,7.5,0,45,0
2021,10.3,17,0,0,0
2021,10.3,13.7,0,20,0
2021,10.3,1,0,0,0
2021,10.3,14.3,0,0,0
2021,10.3,23.6,25,20,0
2021,10.3,16.1,75,0,0
2021,10.3,12.5,50,50,0
2021,10.3,13.1,0,10,0
2021,10.3,2.6,0,80,0
2021,10.3,9.5,0,0,0
2021,10.3,1,0,0,0
2021,10.3,7.5,0,45,0
2021,10.3,14.1,0,10,0
2021,10.3,18.8,0,0,0
2021,10.3,30,0,0,0
2021,10.3,30,0,0,0
2021,10.3,11.3,10,30,10
2021,10.3,17,0,0,0
2021,10.3,17,0,0,0
2021,10.3,29.9,0,0,0
2021,10.3,17,0,0,0
2021,10.3,3.2,20,0,10
2021,10.3,17,15,0,0
2021,10.3,4,20,60,20
2021,10.3,3.2,30,0,0
2021,10.4,15,0,0,0
2021,10.4,12.3,0,25,0
2021,10.4,15,0,0,0
2021,10.4,3,0,25,0
2021,10.4,7,0,40,20
2021,10.4,24.5,10,20,10
2021,10.4,11.3,30,20,5
2021,10.4,15,0,0,0
2021,10.4,4.8,0,0,0
2021,10.4,2.6,0,0,40
2021,10.4,16,0,0,0
2021,10.4,15.7,70,20,0
2021,10.4,14.3,0,20,0
2021,10.4,15.6,25,0,0
2021,10.4,15,0,0,0
2021,10.4,10.7,0,35,80
2021,10.4,18.5,0,0,0
2021,10.4,5,0,0,0
2021,10.4,18,10,0,0
2021,10.4,15,0,0,0
2021,10.4,15,0,0,0
2021,10.4,7.8,0,5,0
2021,10.4,15,0,0,0
2021,10.4,15,0,0,0
2021,10.4,15,0,0,0
2021,10.4,15,0,0,0
2021,10.4,24.2,0,20,20
2021,10.4,15,15,0,0
2021,10.4,15,0,0,0
2021,10.4,28.1,0,0,0
2021,10.4,14.9,0,0,0
2021,10.4,15,0,0,0
2021,10.4,15,0,0,0
2021,10.4,15,0,0,0
2021,10.4,15,0,0,0
2021,10.4,15,0,0,0
2021,10.4,8.9,0,40,0
2021,10.4,17.1,0,0,0
2021,10.4,17.1,0,0,0
2021,10.4,15,0,0,0
2021,10.4,15,0,0,0
2021,10.4,5,0,0,0
2021,10.4,15,0,0,0
2021,10.4,3.8,20,5,5
2021,10.4,7.5,5,0,0
2021,10.4,33.6,25,30,0
2021,10.4,3.6,30,0,0
2021,10.4,7.5,0,5,0
2021,10.4,15,0,0,0
2021,10.4,7.5,45,35,0
2021,10.4,15,0,0,0
2021,10.4,15,0,0,0
2021,10.4,15,0,0,0
2021,10.4,15,0,0,0
2021,10.4,8.8,10,30,0
2021,10.4,15,0,0,0
2021,10.4,15,0,0,0
2021,10.4,11.9,0,20,0
2021,10.4,15,0,0,0
2021,10.4,12.3,0,35,0
2021,10.4,15,0,0,0
2021,10.4,7.5,0,20,20
2021,10.4,5.2,0,0,20
2021,10.4,7.5,0,5,0
2021,10.4,3,20,0,15
2021,10.4,2.8,40,0,70
2021,10.4,9.9,0,0,40
2021,10.4,6.6,0,0,0
2021,10.4,13.5,0,25,0
2021,10.4,7.5,10,60,10
2021,10.4,0,65,0,0
2021,10.4,10.4,0,30,0
2021,10.4,15,0,0,0
2021,10.4,15,0,0,0
2021,10.4,15,0,0,0
2021,10.4,12.3,0,15,0
2021,10.4,15,0,0,0
2021,10.4,15,0,0,0
2021,10.4,10.4,0,30,0
2021,10.4,15,0,0,0
2021,10.4,15,0,0,0
2021,10.4,15,0,0,0
2021,10.4,15,0,15,0
2021,10.4,15,0,0,0
2021,10.4,15,0,0,0
2021,10.4,17.3,0,0,0
2021,10.4,4.8,0,0,0
2021,10.4,15,0,0,0
2021,10.4,15,0,0,0
2021,10.4,15,0,0,0
2021,10.4,15,0,0,0
2021,10.4,13.5,40,0,0
2021,10.4,2.4,40,0,0
2021,10.4,10.5,0,30,0
2021,10.4,15,0,0,0
2021,10.4,17,50,30,10
2021,10.4,17.1,0,0,0
2021,10.4,0,20,25,10
2021,10.4,15,0,0,0
2021,10.4,30,0,0,0
2021,10.4,18.6,0,0,0
2021,10.4,15,0,0,0
2021,10.4,7.5,20,15,45
2021,10.4,9.5,30,15,20
2021,10.4,10.2,50,0,10
2021,10.4,17.3,0,0,0
2021,10.4,15,0,0,0
2021,10.4,15,0,0,0
2021,10.4,4,10,10,25
2021,10.4,38.6,10,10,0
2021,10.4,15,0,0,0
2021,10.4,15,0,0,0
2021,10.4,15,0,0,0
2021,10.4,15,0,0,0
2021,10.4,11.7,0,0,20
2021,10.4,26.5,10,0,0
2021,10.4,41.4,0,0,0
2021,10.4,15,0,0,0
2021,10.4,15,0,0,0
2021,10.4,0,40,10,5
2021,10.4,7.5,5,0,0
2021,10.4,15,0,0,0
2021,10.4,6,10,0,5
2021,10.4,14.7,30,0,0
2021,10.4,16.3,30,60,5
2021,10.4,16.4,10,0,10
2021,10.4,3.6,20,0,10
2021,10.4,16.5,40,45,10
2021,10.4,11.1,35,20,0
2021,10.4,7.5,0,0,5
2021,10.4,17.3,10,10,0
2021,10.4,15,0,0,0
2021,10.4,13.5,0,25,0
2021,10.5,14.5,20,15,0
2021,10.5,26.6,25,0,0
2021,10.5,13.7,65,30,20
2021,10.5,17.6,0,0,0
2021,10.5,9.5,75,0,0
2021,10.5,17.6,0,0,0
2021,10.5,11,65,0,0
2021,10.5,7.5,0,0,10
2021,10.5,13.3,0,20,0
2021,10.5,15,0,0,10
2021,10.5,30.9,0,0,0
2021,10.5,15,80,80,20
2021,10.5,7.5,0,10,0
2021,10.5,12.3,0,20,0
2021,10.5,18.6,0,35,30
2021,10.5,11.7,30,15,10
2021,10.5,10.3,0,0,0
2021,10.5,15,25,0,0
2021,10.5,13.9,0,0,15
2021,10.5,1.6,0,0,0
2021,10.5,11.2,0,25,10
2021,10.5,28.3,0,0,0
2021,10.5,5.4,0,0,0
2021,10.5,28.5,0,0,0
2021,10.5,16.6,0,0,0
2021,10.5,16.3,0,10,0
2021,10.5,10,70,70,0
2021,10.5,8.5,0,0,0
2021,10.5,8.8,60,5,10
2021,10.5,8.5,0,0,0
2021,10.5,9.1,0,70,0
2021,10.5,8.1,0,5,0
2021,10.5,8.5,0,0,0
2021,10.5,19.6,0,0,0
2021,10.5,1,25,5,20
2021,10.5,31.2,0,0,0
2021,10.5,10.7,30,20,10
2021,10.5,8.6,50,0,10
2021,10.5,5.2,0,0,0
2021,10.5,30.1,80,0,0
2021,10.5,3.4,20,70,20
2021,10.5,11.5,0,50,0
2021,10.5,12.7,15,0,0
2021,10.5,14.7,0,10,10
2021,10.5,8.5,0,45,0
2021,10.5,19.8,0,0,0
2021,10.5,18.8,5,0,0
2021,10.5,16.3,0,0,0
2021,10.5,41.8,0,0,0
2021,10.5,15.1,5,0,25
2021,10.5,8.8,0,0,0
2021,10.5,8.5,0,0,0
2021,10.5,16.1,25,0,0
2021,10.5,17.7,0,0,0
2021,10.5,8.5,0,45,0
2021,10.5,8.5,0,0,0
2021,10.5,16.3,25,0,0
2021,10.5,15.1,0,0,0
2021,10.5,15.1,0,0,0
2021,10.5,8.2,0,45,0
2021,10.5,2,45,0,0
2021,10.5,12.2,20,30,0
2021,10.5,10.7,35,15,10
2021,10.5,2,25,10,10
2021,10.5,5.4,50,15,30
2021,10.5,8.5,0,0,0
2021,10.5,11.5,10,35,10
2021,10.5,17.3,40,45,5
2021,10.5,10.9,30,30,0
2021,10.5,3.6,10,15,10
2021,10.6,19.2,30,40,10
2021,10.6,7.5,0,0,0
2021,10.6,2.2,0,0,0
2021,10.6,13.1,0,0,0
2021,10.6,7.5,0,0,0
2021,10.6,30,0,0,0
2021,10.6,4.2,0,0,10
2021,10.6,20,0,0,0
2021,10.6,7.5,0,0,0
2021,10.6,8.9,0,0,0
2021,10.6,5,30,70,0
2021,10.6,7.5,0,0,0
2021,10.6,7.5,0,0,0
2021,10.6,30,0,0,0
2021,10.6,7.5,0,0,0
2021,10.6,7.5,0,0,0
2021,10.6,8.9,50,25,0
2021,10.6,10.7,0,0,0
2021,10.6,10.5,0,0,0
2021,10.6,31.4,0,0,0
2021,10.6,5.8,0,0,0
2021,10.6,18.2,0,0,0
2021,10.6,5.8,0,0,0
2021,10.6,16,40,0,0
2021,10.6,30,0,0,0
2021,10.6,5.8,0,0,0
2021,10.6,27.9,25,0,0
2021,10.6,7.5,0,0,0
2021,10.6,11.7,0,25,25
2021,10.6,10.1,0,35,0
2021,10.6,30,0,0,0
2021,10.6,18.2,0,0,0
2021,10.6,17.9,0,0,0
2021,10.6,30,0,0,0
2021,10.6,9.1,0,0,0
2021,10.6,18.6,0,0,10
2021,10.6,8.5,0,0,5
2021,10.6,1.4,10,0,40
2021,10.6,4,35,0,0
2021,10.6,14.7,35,0,0
2021,10.6,12.8,50,0,0
2021,10.6,11.7,30,70,30
2021,10.6,0,0,60,0
2021,10.6,18,0,0,0
2021,10.6,19.2,50,0,30
2021,10.6,1.4,50,0,0
2021,10.6,17.5,25,0,0
2021,10.6,30,0,0,0
2021,10.6,7.5,0,0,0
2021,10.6,11.9,0,25,0
2021,10.6,9.7,10,30,0
2021,10.6,13.3,0,15,0
2021,10.6,2,0,0,0
2021,10.6,11.5,25,10,0
2021,10.6,4.4,20,0,10
2021,10.6,10.5,0,0,0
2021,10.6,4,0,25,0
2021,10.6,0,15,45,0
2021,10.6,5,70,25,5
2021,10.6,30,0,0,0
2021,10.6,16.7,55,35,0
2021,10.6,30,0,0,0
2021,10.6,5.8,0,0,0
2021,10.6,7.5,0,0,0
2021,10.6,4.4,0,0,30
2021,10.6,27.9,15,0,0
2021,10.6,16.9,0,0,0
2021,10.6,17,20,0,0
2021,10.6,7.5,0,0,0
2021,10.6,7.5,0,0,0
2021,10.6,11.1,30,0,0
2021,10.6,18,0,0,0
2021,10.6,18,0,0,0
2021,10.6,1,30,25,0
2021,10.6,8.5,0,5,0
2021,10.6,17.9,20,5,65
2021,10.6,17.9,10,5,0
2021,10.6,13.7,15,30,0
2021,10.6,6.6,20,70,0
2021,10.6,8.9,0,0,0
2021,10.7,10.7,20,30,15
2021,10.7,22.2,40,45,50
2021,10.7,6,0,0,0
2021,10.7,25.7,75,0,40
2021,10.7,42.9,0,0,0
2021,10.7,1,30,70,0
2021,10.7,20.4,0,0,0
2021,10.7,30,10,0,0
2021,10.7,7.8,0,0,0
2021,10.7,3.2,10,0,0
2021,10.7,11.7,0,0,30
2021,10.7,17.6,20,0,0
2021,10.7,15,0,35,0
2021,10.7,30,0,0,0
2021,10.7,4.4,30,5,0
2021,10.7,10.5,0,20,15
2021,10.7,30.5,0,0,0
2021,10.7,7.5,30,0,0
2021,10.7,9.5,0,0,0
2021,10.7,5,0,0,0
2021,10.7,2.6,0,0,0
2021,10.7,22.2,0,50,0
2021,10.7,31.6,0,0,0
2021,10.7,0,0,0,0
2021,10.7,2.8,0,45,0
2021,10.7,29.8,0,0,0
2021,10.7,7.5,15,0,0
2021,10.7,6,40,0,0
2021,10.7,30.6,0,0,0
2021,10.7,14.5,30,60,25
2021,10.7,6.4,20,0,0
2021,10.7,14.5,5,25,10
2021,10.7,26.5,30,5,0
2021,10.7,13.3,25,0,30
2021,10.7,16,0,0,0
2021,10.7,11.4,10,20,0
2021,10.7,13.5,70,50,0
2021,10.7,7.5,15,0,0
2021,10.7,23.4,10,45,0
2021,10.7,24.2,0,40,0
2021,10.7,0,0,0,0
2021,10.7,19.3,10,65,0
2021,10.7,9.4,0,0,0
2021,10.7,31.5,0,0,0
2021,10.7,18.6,0,0,0
2021,10.7,8.4,75,35,30
2021,10.7,9.5,0,0,0
2021,10.7,11.7,0,30,0
2021,10.7,3,10,25,10
2021,10.7,20.8,75,0,0
2021,10.7,20.4,0,45,15
2021,10.7,27.8,0,10,0
2021,10.7,27.7,10,0,0
2021,10.7,3.6,10,0,30
2021,10.7,8.4,50,0,30
2021,10.7,2.4,0,0,0
2021,10.7,1.6,5,0,0
2021,10.7,19.6,30,35,15
2021,10.7,11.7,50,0,10
2021,10.7,7.5,15,0,0
2021,10.7,15.7,0,0,10
2021,10.7,29.1,0,0,0
2021,10.7,0,0,0,0
2021,10.7,9.5,0,0,0
2021,10.7,15,0,0,35
2021,10.7,30,0,0,0
2021,10.7,20.6,0,0,0
2021,10.7,6.2,0,0,0
2021,10.7,30.3,0,0,0
2021,10.7,18.6,0,0,0
2021,10.7,18.4,0,0,0
2021,10.7,20.4,30,35,10
2021,10.7,23.5,15,30,10
2021,10.7,18,10,60,20
2021,10.7,5,20,0,10
2021,10.7,7.5,0,15,0
2021,10.7,10.5,35,30,0
2021,10.7,9.5,0,0,0
2021,10.7,20.6,0,0,0
2021,10.7,9.5,0,0,0
2021,10.7,20.4,0,0,0
2021,10.7,15,30,5,0
2021,10.7,7.5,15,0,0
2021,10.8,17.5,0,0,0
2021,10.8,2.4,15,20,15
2021,10.8,5.2,15,0,15
2021,10.8,1.4,10,0,0
2021,10.8,19,0,0,0
2021,10.8,16.9,15,0,0
2021,10.8,21,0,0,0
2021,10.8,9.9,0,0,0
2021,10.8,6.6,0,0,0
2021,10.8,27.8,0,20,0
2021,10.8,0,0,20,0
2021,10.8,15,0,0,10
2021,10.8,2.4,30,0,20
2021,10.8,4.2,20,20,0
2021,10.8,4.8,0,0,0
2021,10.8,7.4,25,0,0
2021,10.8,16.3,30,0,0
2021,10.8,17.7,0,0,0
2021,10.8,30.3,0,0,0
2021,10.8,15,50,55,10
2021,10.8,20.2,0,0,0
2021,10.8,15,10,30,0
2021,10.8,30.9,0,0,0
2021,10.8,28.9,25,0,0
2021,10.8,18.3,25,0,0
2021,10.8,11.5,0,0,0
2021,10.8,30.9,0,0,0
2021,10.8,15,25,15,0
2021,10.8,6.4,0,0,0
2021,10.8,21.3,20,40,0
2021,10.8,8.5,0,0,0
2021,10.8,19.4,30,15,40
2021,10.8,7.5,0,60,0
2021,10.8,24.6,50,0,0
2021,10.8,12.7,10,5,40
2021,10.8,10,0,0,0
2021,10.8,26,40,0,0
2021,10.8,11.2,0,45,20
2021,10.8,27.1,40,45,20
2021,10.8,7.5,25,0,0
2021,10.8,18.7,0,0,0
2021,10.8,17.8,0,0,0
2021,10.8,15,0,0,0
2021,10.8,8.5,0,0,10
2021,10.8,15,0,40,0
2021,10.8,16.4,0,0,0
2021,10.8,18.7,0,0,0
2021,10.8,17.6,0,0,0
2021,10.8,15,0,10,0
2021,10.8,15,0,10,0
2021,10.8,16.6,0,0,0
2021,10.8,8.9,70,0,10
2021,10.8,21,0,0,0
2021,10.8,11.9,20,30,10
2021,10.8,16.6,0,0,0
2021,10.8,33.1,0,0,0
2021,10.8,16.6,30,0,0
2021,10.8,24.4,50,0,0
2021,10.8,15.5,20,15,0
2021,10.8,15,30,0,10
2021,10.8,24.2,30,15,5
2021,10.8,6.4,20,35,40
2021,10.8,20,0,0,0
2021,10.8,10.9,35,0,0
2021,10.8,21.1,0,0,0
2021,10.8,21.1,0,0,0
2021,10.8,16.6,0,0,0
2021,10.8,7,10,10,0
2021,10.8,9.9,0,0,0
2021,10.8,9.7,30,45,0
2021,10.8,16.4,0,0,0
2021,10.8,9.7,0,0,0
2021,10.8,9.9,0,0,0
2021,10.8,18.9,0,0,0
2021,10.9,18,0,0,0
2021,10.9,0,20,20,30
2021,10.9,15.5,0,15,0
2021,10.9,15,0,20,0
2021,10.9,30,0,0,0
2021,10.9,27,30,60,20
2021,10.9,20.3,0,0,0
2021,10.9,26.5,40,0,0
2021,10.9,19.4,0,0,0
2021,10.9,7,0,0,0
2021,10.9,30,0,0,0
2021,10.9,19.4,0,0,0
2021,10.9,3.4,0,0,0
2021,10.9,3.2,0,0,0
2021,10.9,16.3,0,20,0
2021,10.9,19.4,0,0,0
2021,10.9,11.9,0,0,0
2021,10.9,10.4,0,0,0
2021,10.9,30,0,0,0
2021,10.9,11.7,0,0,0
2021,10.9,11.9,0,0,0
2021,10.9,10.1,0,0,0
2021,10.9,18.8,30,0,0
2021,10.9,7,0,0,0
2021,10.9,19.2,0,0,0
2021,10.9,19.1,0,0,0
2021,10.9,14.3,0,10,15
2021,10.9,12.5,20,35,5
2021,10.9,11.3,35,30,0
2021,10.9,10.9,60,0,10
2021,10.9,14.7,50,0,0
2021,10.9,2.6,10,0,40
2021,10.9,15.3,40,0,0
2021,10.9,10.1,0,0,0
2021,10.9,30.1,0,0,0
2021,10.9,30,0,0,0
2021,10.9,10.4,0,0,0
2021,10.9,7.4,5,0,15
2021,10.9,11.9,0,0,0
2021,10.9,30,0,0,0
2021,10.9,25.5,0,30,0
2021,10.9,12.5,0,30,0
2021,10.9,17,0,0,0
2021,10.9,21,10,50,0
2021,10.9,18.6,0,5,0
2021,10.9,30,0,0,0
2021,10.9,9.5,0,0,5
2021,10.9,22.5,0,40,10
2021,10.9,19.9,10,0,0
2021,10.9,10.1,0,30,15
2021,10.9,32.1,0,0,0
2021,10.9,30,0,0,0
2021,10.9,10.7,20,45,5
2021,10.9,13.1,10,15,0
2021,10.9,30,0,0,0
2021,10.9,8.5,0,55,0
2021,10.9,30,0,0,0
2021,10.9,2.6,0,45,5
2021,10.9,2.6,40,0,10
2021,10.9,30.6,0,0,0
2021,10.9,17,0,0,0
2021,10.9,12.5,30,0,0
2021,10.9,19.4,0,0,0
2021,10.9,21.5,35,10,30
2021,11,18.4,0,0,0
2021,11,3.8,0,0,0
2021,11,0,0,40,0
2021,11,17.3,0,0,0
2021,11,31.6,0,0,0
2021,11,5.4,0,25,0
2021,11,7.5,0,0,0
2021,11,7.5,0,0,0
2021,11,7.5,30,35,0
2021,11,9.5,0,0,10
2021,11,4.4,55,30,0
2021,11,10.7,0,0,0
2021,11,10.7,0,0,0
2021,11,7.5,0,0,0
2021,11,30,20,0,0
2021,11,9.1,0,0,0
2021,11,7.5,0,0,0
2021,11,7.5,0,0,0
2021,11,7.5,0,0,0
2021,11,4.8,50,15,50
2021,11,7.5,0,0,0
2021,11,15,0,30,0
2021,11,7.5,0,0,0
2021,11,7.5,0,0,0
2021,11,7.5,0,0,0
2021,11,7.5,0,0,0
2021,11,0,0,20,20
2021,11,7.5,0,0,0
2021,11,19.6,0,0,0
2021,11,16.5,5,0,0
2021,11,26.4,25,0,0
2021,11,3,25,25,0
2021,11,7.5,0,0,0
2021,11,7.5,0,0,0
2021,11,7.5,0,0,0
2021,11,7.5,0,0,0
2021,11,19.6,0,0,0
2021,11,7.5,0,0,0
2021,11,15,30,0,0
2021,11,7.5,0,0,0
2021,11,15,50,0,0
2021,11,10.5,0,0,0
2021,11,7.5,0,0,0
2021,11,7.5,0,0,0
2021,11,6,20,0,10
2021,11,15.5,0,20,0
2021,11,7.5,0,0,0
2021,11,0,0,0,40
2021,11,7.5,0,0,0
2021,11,7.5,0,0,0
2021,11,7.5,20,55,20
2021,11,18.3,0,0,0
2021,11,7.5,20,0,0
2021,11,11.1,0,20,20
2021,11,30,0,0,10
2021,11,19.8,0,0,0
2021,11,14.3,0,20,0
2021,11,7.5,20,0,0
2021,11,19.8,0,40,30
2021,11,9.2,0,0,0
2021,11,10.8,0,0,0
2021,11,21.6,0,60,0
2021,11,7.5,0,0,0
2021,11,7.5,0,0,0
2021,11,7.5,0,0,0
2021,11,7.5,0,0,0
2021,11,7.5,0,0,0
2021,11,7.5,0,0,0
2021,11,42.4,10,0,0
2021,11,7.5,0,0,0
2021,11,7.5,0,0,20
2021,11,7.5,0,0,20
2021,11,10.1,0,0,5
2021,11,7.5,0,0,0
2021,11,6.2,20,0,10
2021,11,15.3,10,25,10
2021,11,21.4,0,0,60
2021,11,19.2,25,0,0
2021,11,7.5,20,0,0
2021,11,7.5,0,0,0
2021,11,11.7,0,35,0
2021,11,14.1,10,0,0
2021,11,0,0,25,0
2021,11,20.9,0,0,0
2021,11,7.5,20,0,0
2021,11,7.5,0,0,20
2021,11,7.5,0,0,0
2021,11,7.5,10,0,10
2021,11,9.5,0,0,10
2021,11,7.5,0,0,0
2021,11,3,50,75,0
2021,11,7.5,0,0,0
2021,11,7.5,0,0,0
2021,11,19.5,0,0,0
2021,11,7.5,20,0,0
2021,11,9.5,10,50,0
2021,11,7.5,0,0,0
2021,11,24.3,0,0,40
2021,11,12,0,35,0
2021,11,9.5,10,0,0
2021,11,13.5,10,15,0
2021,11,7.5,0,0,0
2021,11,7.5,0,0,0
2021,11,2.6,0,20,0
2021,11,25.8,0,30,0
2021,11,0,25,0,0
2021,11,17.4,0,0,30
2021,11,18.9,25,0,0
2021,11,11.9,20,15,30
2021,11,7.5,20,0,0
2021,11,8.2,50,0,40
2021,11,14.1,30,0,20
2021,11,7.5,0,0,0
2021,11,7.5,0,0,0
2021,11,3.2,0,0,0
2021,11,6.2,50,45,10
2021,11,10.1,0,5,0
2021,11,16.3,40,45,25
2021,11,6.8,35,50,15
2021,11,16.5,70,30,10
2021,11,7.5,0,0,0
2021,11,17.1,0,0,0
2021,11,17.1,0,0,0
2021,11,10.7,0,0,0
2021,11,12.3,75,45,0
2021,11,10.5,0,0,0
2021,11,9.5,10,0,0
2021,11,20.2,60,20,5
2021,11,12.7,90,35,10
2021,11,7.5,30,60,5
2021,11,10.1,0,0,5
2021,11,5.6,10,5,20
2021,11,9.5,10,0,0
2021,11,20.2,20,45,20
2021,11,15,80,0,40
2021,11,7.5,0,0,0
2021,11,7.5,0,0,0
2021,11.1,30.1,0,0,20
2021,11.1,7.6,0,35,30
2021,11.1,24.4,60,0,0
2021,11.1,0,0,0,0
2021,11.1,0,0,0,0
2021,11.1,0,0,0,0
2021,11.1,0,0,0,0
2021,11.1,0,0,0,0
2021,11.1,0,0,0,0
2021,11.1,3.6,20,30,0
2021,11.1,0,0,0,0
2021,11.1,11.5,10,40,0
2021,11.1,16,0,10,0
2021,11.1,23,0,0,0
2021,11.1,25.7,0,0,40
2021,11.1,0,0,0,0
2021,11.1,0,0,0,0
2021,11.1,0,0,0,0
2021,11.1,23.6,15,40,10
2021,11.1,0,0,0,0
2021,11.1,17.5,0,0,0
2021,11.1,31.9,0,0,0
2021,11.1,0,0,0,0
2021,11.1,0,0,0,0
2021,11.1,11.2,0,0,0
2021,11.1,0,0,0,0
2021,11.1,32,0,0,0
2021,11.1,7.6,0,0,0
2021,11.1,0,0,0,0
2021,11.1,16.7,35,45,30
2021,11.1,30.7,0,0,0
2021,11.1,0,0,0,0
2021,11.1,4.2,0,0,0
2021,11.1,0,0,0,0
2021,11.1,17.6,0,20,10
2021,11.1,23.8,0,45,0
2021,11.1,0,0,0,0
2021,11.1,7.5,25,0,0
2021,11.1,7.5,10,5,10
2021,11.1,13.3,20,35,5
2021,11.1,0,0,0,0
2021,11.1,31.9,0,0,0
2021,11.1,13.9,0,45,10
2021,11.1,0,0,0,0
2021,11.1,11.1,0,0,0
2021,11.1,0,0,0,0
2021,11.1,23.8,30,15,20
2021,11.1,0,0,0,0
2021,11.1,0,0,0,0
2021,11.1,13.1,20,30,10
2021,11.1,2.6,35,0,0
2021,11.1,0,0,0,0
2021,11.1,7,0,60,20
2021,11.1,0,0,0,0
2021,11.1,12.7,0,0,0
2021,11.1,0,0,0,0
2021,11.1,0,0,0,0
2021,11.1,0,0,0,0
2021,11.1,17.5,0,0,25
2021,11.1,17.6,0,0,0
2021,11.1,16.3,0,0,15
2021,11.1,0,0,0,0
2021,11.1,0,0,0,0
2021,11.1,0,0,0,0
2021,11.1,0,0,0,0
2021,11.1,22.3,0,0,0
2021,11.1,18.4,20,5,0
2021,11.1,0,0,0,0
2021,11.1,18.7,0,0,0
2021,11.1,0,0,0,0
2021,11.1,0,0,0,0
2021,11.1,6.4,20,0,10
2021,11.1,11.1,50,20,5
2021,11.1,0,0,0,0
2021,11.1,0,0,0,0
2021,11.1,12.1,20,35,10
2021,11.1,5.4,0,0,40
2021,11.1,0,0,0,0
2021,11.1,0,0,0,0
2021,11.1,0,0,0,0
2021,11.1,0,0,0,0
2021,11.1,17.6,0,30,0
2021,11.1,15,0,0,0
2021,11.1,0,0,0,0
2021,11.1,0,0,0,0
2021,11.1,13.1,0,30,0
2021,11.1,0,45,0,0
2021,11.1,0,0,0,0
2021,11.1,0,0,0,0
2021,11.1,0,0,0,0
2021,11.1,13.1,30,0,30
2021,11.1,0,0,0,0
2021,11.1,0,0,0,0
2021,11.1,25.8,0,50,0
2021,11.1,0,0,0,0
2021,11.1,32.9,0,60,15
2021,11.1,9.7,0,0,0
2021,11.1,21.1,0,0,0
2021,11.1,10.7,0,45,0
2021,11.1,10.9,35,10,0
2021,11.1,9.5,0,0,0
2021,11.1,0,0,0,0
2021,11.1,0,0,0,0
2021,11.1,0,0,0,0
2021,11.1,0,0,0,0
2021,11.1,0,0,0,0
2021,11.1,7.5,0,15,10
2021,11.1,40.9,25,0,0
2021,11.1,0,0,0,0
2021,11.1,0,0,0,0
2021,11.1,14.7,40,0,10
2021,11.1,0,0,0,0
2021,11.1,18.6,10,0,15
2021,11.1,17.8,0,0,0
2021,11.1,0,0,0,0
2021,11.1,0,0,0,0
2021,11.1,0,0,0,0
2021,11.1,0,0,0,0
2021,11.1,7.5,25,0,0
2021,11.1,20,0,0,0
2021,11.1,29.1,0,20,0
2021,11.1,0,0,0,0
2021,11.1,9.6,0,0,0
2021,11.1,0,0,0,0
2021,11.1,22.2,20,45,10
2021,11.1,0,0,0,0
2021,11.1,0,0,0,0
2021,11.1,11.1,0,0,0
2021,11.1,0,0,0,0
2021,11.1,26.9,25,0,0
2021,11.1,26.7,0,45,0
2021,11.1,7.5,0,25,0
2021,11.1,0,0,0,0
2021,11.1,0,0,0,0
2021,11.1,10.7,80,45,25
2021,11.1,0,0,0,0
2021,11.1,0,0,0,0
2021,11.1,0,0,0,0
2021,11.1,0,0,0,0
2021,11.1,0,0,0,0
2021,11.1,0,0,0,0
2021,11.1,8.8,30,55,5
2021,11.1,0,0,0,0
2021,11.1,0,0,0,0
2021,11.1,0,0,0,0
2021,11.1,0,0,0,0
2021,11.1,0,0,0,0
2021,11.1,0,0,0,0
2021,11.1,0,0,0,0
2021,11.1,0,0,0,0
2021,11.1,0,0,0,0
2021,11.1,0,0,0,0
2021,11.1,0,0,0,0
2021,11.1,0,0,0,0
2021,11.1,7.5,25,0,0
2021,11.1,0,0,0,0
2021,11.1,0,0,0,0
2021,11.1,0,0,0,0
2021,11.1,0,0,0,0
2021,11.1,1,25,35,10
2021,11.1,1.6,20,40,5
2021,11.1,0,0,0,0
2021,11.1,16,0,0,40
2021,11.1,10.9,0,0,0
2021,11.1,0,0,0,0
2021,11.1,0,0,0,0
2021,11.1,0,0,0,0
2021,11.1,11.5,25,15,30
2021,11.1,0,0,0,0
2021,11.1,0,0,0,0
2021,11.1,0,0,0,0
2021,11.1,8.8,30,60,0
2021,11.1,17.3,30,60,0
2021,11.1,0,0,0,0
2021,11.2,12.1,10,15,15
2021,11.2,11.9,0,10,20
2021,11.2,17,0,0,15
2021,11.2,8.2,0,0,0
2021,11.2,12.2,40,0,30
2021,11.2,30.3,25,0,0
2021,11.2,31.9,0,0,0
2021,11.2,3.8,0,40,10
2021,11.2,22.5,0,0,0
2021,11.2,22.5,0,0,0
2021,11.2,22.5,0,0,0
2021,11.2,18,0,0,0
2021,11.2,11.3,0,45,0
2021,11.2,8.4,10,10,0
2021,11.2,20.3,0,0,0
2021,11.2,14.3,15,0,40
2021,11.2,23.5,0,0,0
2021,11.2,22.5,0,0,0
2021,11.2,9.6,50,80,30
2021,11.2,24.5,55,0,0
2021,11.2,22.5,0,0,0
2021,11.2,19.4,0,0,0
2021,11.2,8.5,0,0,20
2021,11.2,14.2,50,90,65
2021,11.2,10.1,0,0,10
2021,11.2,4.6,0,0,0
2021,11.2,12.5,0,35,0
2021,11.2,2,0,0,0
2021,11.2,5,0,20,0
2021,11.2,11.3,0,0,0
2021,11.2,0,0,30,0
2021,11.2,10.5,30,0,50
2021,11.2,3.2,50,5,0
2021,11.2,17,15,0,20
2021,11.2,22.5,0,0,0
2021,11.2,26,50,0,0
2021,11.2,22.5,0,0,0
2021,11.2,22.5,0,0,0
2021,11.2,22.5,0,0,0
2021,11.2,27.5,35,5,0
2021,11.2,18.8,15,0,10
2021,11.2,22.5,0,0,0
2021,11.2,12.1,50,20,0
2021,11.2,4.4,0,0,0
2021,11.2,16.4,40,0,0
2021,11.2,8.5,15,5,0
2021,11.2,21.5,35,45,0
2021,11.2,22.5,0,0,0
2021,11.2,0,30,0,0
2021,11.2,13.5,0,30,0
2021,11.2,16.7,0,0,40
2021,11.2,22.5,0,0,0
2021,11.2,22.5,0,0,0
2021,11.2,21.8,0,0,0
2021,11.2,10.4,50,0,0
2021,11.2,22.5,0,0,0
2021,11.2,22.5,0,0,0
2021,11.2,15,0,20,0
2021,11.2,9.5,20,10,0
2021,11.2,15.3,75,30,0
2021,11.2,10.7,0,50,0
2021,11.2,25.8,25,25,0
2021,11.2,15,25,5,20
2021,11.2,22.5,0,0,0
2021,11.2,17.2,0,35,0
2021,11.2,15,25,15,10
2021,11.2,22.5,0,0,0
2021,11.2,17.5,60,40,0
2021,11.2,22.5,0,0,0
2021,11.2,33.9,0,0,0
2021,11.2,18,0,0,0
2021,11.2,15,50,0,0
2021,11.2,0,0,30,0
2021,11.2,12.5,10,25,0
2021,11.2,13.5,25,10,25
2021,11.2,22.5,0,0,0
2021,11.2,17,55,50,5
2021,11.2,18,0,0,0
2021,11.2,17,10,15,10
2021,11.2,15,0,0,50
2021,11.2,14.5,30,15,10
2021,11.2,20.5,0,0,0
2021,11.2,32.4,0,0,0
2021,11.2,21.6,0,0,0
2021,11.2,13.5,0,0,30
2021,11.2,18,0,0,0
2021,11.2,22.5,0,0,0
2021,11.2,16.1,30,5,10
2021,11.2,22.5,0,0,0
2021,11.2,19.3,0,0,0
2021,11.2,10.1,0,0,0
2021,11.2,18.3,0,15,0
2021,11.2,19.8,30,15,30
2021,11.2,9.2,0,60,0
2021,11.2,8,0,0,0
2021,11.2,2,75,30,0
2021,11.2,30.1,15,0,10
2021,11.2,22.5,0,0,0
2021,11.2,22.5,0,0,0
2021,11.2,32.3,0,0,0
2021,11.2,22.5,0,0,0
2021,11.2,22.5,0,0,0
2021,11.2,22.5,0,0,0
2021,11.2,16,20,25,0
2021,11.2,22.5,0,0,0
2021,11.2,6.8,10,20,0
2021,11.2,10.5,15,55,10
2021,11.2,22.5,0,0,0
2021,11.2,22.5,0,0,0
2021,11.2,7.5,20,0,80
2021,11.2,11.3,0,75,0
2021,11.2,22.5,0,0,0
2021,11.2,22.5,0,0,0
2021,11.2,11.3,0,0,0
2021,11.2,22.5,0,0,0
2021,11.2,22.5,0,0,0
2021,11.2,2,10,35,20
2021,11.3,4.8,0,0,0
2021,11.3,8.5,0,0,0
2021,11.3,14.7,35,0,20
2021,11.3,7.5,0,0,0
2021,11.3,30.3,20,0,5
2021,11.3,0,0,15,30
2021,11.3,14.3,25,0,40
2021,11.3,11.8,0,0,0
2021,11.3,18,0,0,25
2021,11.3,15,40,0,25
2021,11.3,0,0,30,50
2021,11.3,22,0,0,0
2021,11.3,7.5,30,0,0
2021,11.3,19.4,0,0,10
2021,11.3,8.6,0,0,0
2021,11.3,17.7,0,0,5
2021,11.3,11.9,0,0,0
2021,11.3,20,0,0,20
2021,11.3,0.6,0,0,0
2021,11.3,21.3,10,0,0
2021,11.3,45,0,0,0
2021,11.3,6.4,0,50,30
2021,11.3,9.9,10,5,0
2021,11.3,8.4,0,0,0
2021,11.3,30,20,0,0
2021,11.3,4.2,0,0,0
2021,11.3,14.5,0,50,0
2021,11.3,9.6,25,0,0
2021,11.3,16.5,30,5,10
2021,11.3,3.6,0,20,0
2021,11.3,17,25,0,15
2021,11.3,14.3,25,10,0
2021,11.3,20.8,0,0,0
2021,11.3,21,0,0,0
2021,11.3,8.4,0,0,0
2021,11.3,20.2,25,0,0
2021,11.3,10.1,10,45,0
2021,11.3,7.5,0,0,30
2021,11.3,11.9,0,0,0
2021,11.3,16.3,20,0,25
2021,11.3,18.2,0,25,0
2021,11.3,5,0,0,0
2021,11.3,4.4,30,20,0
2021,11.3,0,0,0,5
2021,11.3,15,0,0,55
2021,11.3,12.9,0,35,0
2021,11.3,0,0,5,0
2021,11.3,7.5,30,0,0
2021,11.3,7.5,45,60,0
2021,11.3,15.9,70,50,0
2021,11.3,18.2,0,25,0
2021,11.3,9.5,10,70,10
2021,11.3,15,55,0,0
2021,11.3,11.9,0,0,0
2021,11.3,22.6,0,15,50
2021,11.3,18.4,0,0,0
2021,11.3,7.5,0,30,0
2021,11.3,0,0,0,5
2021,11.3,16.5,30,0,0
2021,11.3,17,20,0,20
2021,11.3,0,0,5,0
2021,11.3,0,0,5,0
2021,11.3,23.5,20,20,30
2021,11.3,45,0,0,0
2021,11.3,8.5,0,0,0
2021,11.3,18.6,0,0,0
2021,11.3,17,0,10,0
2021,11.3,45,0,0,0
2021,11.3,6.4,20,70,20
2021,11.3,11.9,0,0,0
2021,11.3,6,0,0,0
2021,11.3,11.5,0,45,0
2021,11.3,4.8,0,0,0
2021,11.3,23.4,25,30,0
2021,11.3,7.5,40,65,0
2021,11.3,18.4,0,0,0
2021,11.3,20.7,0,0,0
2021,11.3,19.3,0,0,25
2021,11.3,13.6,0,0,40
2021,11.3,11.9,0,0,0
2021,11.3,7.5,40,45,20
2021,11.3,19.8,0,0,0
2021,11.3,18.4,0,0,0
2021,11.3,6.6,0,0,0
2021,11.3,10.9,0,50,0
2021,11.3,7.5,0,30,0
2021,11.3,27.2,30,0,0
2021,11.3,22,0,0,0
2021,11.3,7.5,0,20,10
2021,11.3,8.5,0,0,0
2021,11.3,11.9,30,45,0
2021,11.3,7.5,55,40,10
2021,11.3,14.1,45,15,0
2021,11.3,7.5,0,0,30
2021,11.3,11.9,0,0,0
2021,11.3,8.9,10,0,10
2021,11.3,11.3,0,5,0
2021,11.3,5.4,10,35,0
2021,11.4,21.2,0,0,0
2021,11.4,17,0,20,0
2021,11.4,10.9,0,0,0
2021,11.4,27,15,30,5
2021,11.4,22.5,0,0,0
2021,11.4,23.5,0,0,0
2021,11.4,14.5,0,30,0
2021,11.4,9,0,0,0
2021,11.4,22.5,0,0,0
2021,11.4,10.9,0,0,0
2021,11.4,18.2,0,20,0
2021,11.4,15,0,25,0
2021,11.4,21.4,0,0,0
2021,11.4,9,0,0,0
2021,11.4,19,0,0,0
2021,11.4,15.9,10,30,10
2021,11.4,21.2,0,0,0
2021,11.4,10.5,25,15,15
2021,11.4,9.1,0,0,0
2021,11.4,7.5,0,0,50
2021,11.4,22.5,40,0,40
2021,11.4,22.5,0,0,0
2021,11.4,13.9,0,0,0
2021,11.4,17.2,0,20,0
2021,11.4,8.9,0,0,0
2021,11.4,14.5,0,45,0
2021,11.4,35.2,0,0,0
2021,11.4,22.5,0,0,0
2021,11.4,22.5,0,0,0
2021,11.4,7.2,0,0,0
2021,11.4,18.8,0,0,0
2021,11.4,19,0,15,0
2021,11.4,32.7,0,0,0
2021,11.4,15,0,25,0
2021,11.4,10.5,30,0,0
2021,11.4,18.8,0,0,0
2021,11.4,13.3,35,20,10
2021,11.4,12.7,50,0,20
2021,11.4,1,0,0,0
2021,11.4,30,30,0,0
2021,11.4,10.1,15,0,0
2021,11.4,14.5,0,30,0
2021,11.4,1,0,0,0
2021,11.4,12.3,35,30,10
2021,11.4,15,0,0,0
2021,11.4,15,0,0,0
2021,11.4,18.7,0,25,0
2021,11.4,5.4,0,0,0
2021,11.4,10,15,0,0
2021,11.4,3,0,0,0
2021,11.4,19.9,0,0,0
2021,11.4,9.9,25,0,0
2021,11.4,7.2,0,0,0
2021,11.4,1,0,0,0
2021,11.4,5.6,45,0,0
2021,11.4,16.6,0,15,0
2021,11.4,25.3,0,45,0
2021,11.4,28.2,10,15,0
2021,11.4,13.6,0,0,0
2021,11.4,22.1,0,35,30
2021,11.4,4.6,10,10,30
2021,11.4,3.4,50,70,15
2021,11.4,15,25,0,0
2021,11.4,22.5,0,0,0
2021,11.4,17.3,10,0,30
2021,11.4,1,0,0,0
2021,11.4,1,0,0,0
2021,11.4,17.4,25,5,10
2021,11.4,15,10,15,0
2021,11.4,14.5,0,30,0
2021,11.4,21.1,0,0,0
2021,11.4,22.5,0,0,0
2021,11.4,19,0,0,0
2021,11.4,11.5,0,30,20
2021,11.4,3.6,25,0,0
2021,11.4,7.2,0,0,35
2021,11.4,3,0,15,0
2021,11.4,11.5,15,45,20
2021,11.4,8.5,10,15,0
2021,11.4,9.1,0,0,0
2021,11.4,1,0,0,0
2021,11.4,16.3,0,15,0
2021,11.4,16,30,0,20
2021,11.4,16,0,50,0
2021,11.4,22.5,30,50,0
2021,11.4,16,15,70,40
2021,11.4,12.9,25,45,0
2021,11.4,1,0,0,0
2021,11.4,4,25,10,20
2021,11.4,22,0,5,5
2021,11.4,6.4,30,0,10
2021,11.4,12.1,35,30,10
2021,11.5,7.5,0,0,0
2021,11.5,22.8,0,0,0
2021,11.5,2.4,15,40,15
2021,11.5,7.5,0,25,0
2021,11.5,7.5,0,0,0
2021,11.5,8.2,30,0,0
2021,11.5,24.2,75,0,0
2021,11.5,1.6,0,0,0
2021,11.5,2.6,60,0,10
2021,11.5,1.4,0,0,0
2021,11.5,7.5,0,0,0
2021,11.5,7.5,0,0,0
2021,11.5,5.6,80,50,65
2021,11.5,5.8,0,0,0
2021,11.5,17.6,0,10,0
2021,11.5,0,0,0,10
2021,11.5,11.5,0,10,50
2021,11.5,9.5,0,0,0
2021,11.5,7.5,0,0,0
2021,11.5,7.5,0,0,0
2021,11.5,7.5,0,0,0
2021,11.5,9.5,20,0,0
2021,11.5,1.4,0,0,0
2021,11.5,19.8,60,20,20
2021,11.5,7.5,0,0,0
2021,11.5,9.5,0,0,0
2021,11.5,5.6,0,0,0
2021,11.5,7.5,0,0,0
2021,11.5,19.2,0,0,0
2021,11.5,22.5,0,35,30
2021,11.5,12.3,20,10,25
2021,11.5,20.6,10,0,10
2021,11.5,17,0,0,15
2021,11.5,11.9,25,25,0
2021,11.5,14.7,0,30,0
2021,11.5,10.1,0,45,15
2021,11.5,26.9,0,35,0
2021,11.5,21.8,0,0,0
2021,11.5,12.7,0,0,0
2021,11.5,0,0,0,10
2021,11.5,9.5,0,0,0
2021,11.5,7.5,0,0,0
2021,11.5,23,0,0,0
2021,11.5,8.6,35,35,30
2021,11.5,24.2,70,0,0
2021,11.5,7.5,0,0,0
2021,11.5,11.3,0,0,0
2021,11.5,7.5,0,0,0
2021,11.5,27.5,50,0,0
2021,11.5,19.2,0,0,0
2021,11.5,21.8,0,0,0
2021,11.5,9.4,0,0,0
2021,11.5,14.1,0,40,10
2021,11.5,30,0,25,0
2021,11.5,11.9,30,60,0
2021,11.5,19.4,0,0,0
2021,11.5,11.1,0,0,0
2021,11.5,7.5,5,15,15
2021,11.5,14.9,35,0,0
2021,11.5,7.5,0,0,0
2021,11.5,7.5,0,0,0
2021,11.5,19,0,0,25
2021,11.5,9.5,0,0,0
2021,11.5,7.5,0,0,0
2021,11.5,7.5,0,0,0
2021,11.5,7.5,0,0,0
2021,11.5,7.5,0,0,0
2021,11.5,7.5,0,0,0
2021,11.5,19.1,0,0,0
2021,11.5,7.5,35,0,0
2021,11.5,17,0,15,30
2021,11.5,12.1,5,0,0
2021,11.5,14.9,15,25,20
2021,11.5,7.5,10,10,15
2021,11.5,17,15,30,0
2021,11.5,23.8,0,0,0
2021,11.5,0,0,10,0
2021,11.5,9.5,0,0,0
2021,11.5,5.6,0,0,0
2021,11.5,3.8,0,60,0
2021,11.5,9.5,0,0,0
2021,11.5,0,70,15,0
2021,11.5,10.1,40,45,5
2021,11.5,7.5,35,0,0
2021,11.5,17,20,0,25
2021,11.5,7.5,0,0,0
2021,11.5,7.5,0,0,0
2021,11.5,7.5,0,0,0
2021,11.5,13.3,40,30,0
2021,11.5,7.5,0,0,0
2021,11.5,7.5,0,0,0
2021,11.5,22.8,0,0,0
2021,11.5,13.8,30,15,20
2021,11.5,21.8,30,15,35
2021,11.5,19.2,0,0,0
2021,11.5,5.8,30,45,15
2021,11.5,7.5,0,0,0
2021,11.5,9.5,35,30,0
2021,11.5,0,0,10,0
2021,11.5,0,30,15,40
2021,11.5,12.5,50,15,10
2021,11.5,7.5,0,0,0
2021,11.5,9.5,0,0,0
2021,11.5,21,25,0,0
2021,11.5,31,0,10,0
2021,11.5,23.3,0,45,15
2021,11.5,15.1,80,20,15
2021,11.5,19.4,0,0,0
2021,11.5,7.5,0,0,0
2021,11.5,4.8,0,30,0
2021,11.5,0,10,0,0
2021,11.5,11.8,50,0,30
2021,11.5,12.6,0,0,0
2021,11.5,0,0,0,10
2021,11.5,7.5,15,0,20
2021,11.5,18.4,15,0,20
2021,11.5,21.6,0,0,0
2021,11.5,14.5,55,0,0
2021,11.5,11.9,0,0,5
2021,11.5,28.3,20,5,20
2021,11.5,3.6,30,0,30
2021,11.5,13.1,10,10,50
2021,11.5,19.6,0,15,0
2021,11.5,7.5,0,0,0
2021,11.5,14.6,10,60,50
2021,11.5,0,0,0,10
2021,11.5,12.5,0,0,0
2021,11.5,1.6,0,0,0
2021,11.5,17,50,65,5
2021,11.5,12.7,0,0,0
2021,11.5,7,10,0,30
2021,11.5,0,0,0,10
2021,11.5,12.5,0,0,0
2021,11.6,2,0,0,0
2021,11.6,10.9,15,0,0
2021,11.6,17.9,0,20,0
2021,11.6,2,0,0,0
2021,11.6,17.4,0,30,0
2021,11.6,18,75,25,0
2021,11.6,0,0,0,0
2021,11.6,19.8,30,0,0
2021,11.6,22.2,0,0,0
2021,11.6,4,70,45,20
2021,11.6,3.6,0,0,0
2021,11.6,21,0,0,0
2021,11.6,7.5,0,40,0
2021,11.6,17.1,0,25,0
2021,11.6,22,0,0,0
2021,11.6,8.5,5,5,20
2021,11.6,7.5,20,80,10
2021,11.6,2.2,0,10,0
2021,11.6,15.1,10,30,20
2021,11.6,24.1,0,0,0
2021,11.6,10.9,15,0,0
2021,11.6,15,30,30,0
2021,11.6,7.5,30,0,60
2021,11.6,7.5,30,0,10
2021,11.6,2,0,0,0
2021,11.6,17.5,30,0,0
2021,11.6,19.5,0,0,0
2021,11.6,33.4,0,0,0
2021,11.6,19.8,0,0,0
2021,11.6,0,0,0,0
2021,11.6,11.5,0,0,0
2021,11.6,0,0,0,0
2021,11.6,34.9,0,0,0
2021,11.6,0,0,0,0
2021,11.6,0,0,0,0
2021,11.6,6.8,20,0,0
2021,11.6,12.9,0,0,0
2021,11.6,30,25,0,0
2021,11.6,16,30,0,25
2021,11.6,27.3,0,50,0
2021,11.6,3,75,0,0
2021,11.6,7.5,0,30,50
2021,11.6,6.2,50,30,40
2021,11.6,19.6,80,25,0
2021,11.6,8,0,25,0
2021,11.6,11.5,0,0,0
2021,11.6,12.9,0,30,15
2021,11.6,19.8,0,0,0
2021,11.6,16.7,10,0,40
2021,11.6,0,25,0,0
2021,11.6,20.4,10,15,0
2021,11.6,30,30,0,5
2021,11.6,2,0,0,0
2021,11.6,17.4,15,0,0
2021,11.6,9.9,5,5,10
2021,11.6,2,0,0,0
2021,11.6,7.5,10,30,0
2021,11.6,21,50,45,0
2021,11.6,30,30,5,0
2021,11.6,20.8,0,0,0
2021,11.6,16.9,25,0,30
2021,11.6,15,0,30,0
2021,11.6,15,0,30,0
2021,11.6,18.6,30,35,30
2021,11.6,25.8,0,45,0
2021,11.6,15.3,0,30,0
2021,11.6,18.2,0,10,0
2021,11.6,2,0,0,0
2021,11.6,32.7,0,0,0
2021,11.6,12.9,0,0,0
2021,11.6,2.6,0,0,40
2021,11.6,21.7,30,30,30
2021,11.6,11.9,0,5,5
2021,11.6,22.2,0,0,0
2021,11.6,7.5,0,0,40
2021,11.6,4.2,10,10,40
2021,11.6,32.1,75,20,0
2021,11.6,15.3,0,30,0
2021,11.6,19.2,0,0,25
2021,11.6,13.3,10,40,0
2021,11.6,0,0,0,0
2021,11.6,21.9,0,0,0
2021,11.6,0,0,15,0
2021,11.6,7.5,0,70,40
2021,11.6,11.8,0,75,0
2021,11.6,21.4,30,30,15
2021,11.6,10.5,35,45,10
2021,11.6,13.7,20,50,0
2021,11.6,15.9,30,20,5
2021,11.6,9.5,15,5,5
2021,11.6,27.3,15,30,10
2021,11.6,20.8,0,0,0
2021,11.6,20.8,0,0,0
2021,11.6,0,0,0,0
2021,11.6,30.9,30,0,0
2021,11.6,18.6,20,15,0
2021,11.6,7.5,70,30,10
2021,11.6,6.4,20,15,10
2021,11.6,15.5,55,30,30
2021,11.6,15,0,30,0
2021,11.6,5,35,10,10
2021,11.6,12.8,50,90,10
2021,11.6,7.5,20,15,5
2021,11.6,19.4,25,0,0
2021,11.6,7.5,20,0,20
2021,11.6,18.6,0,25,0
2021,11.6,13.1,0,0,0
2021,11.6,0,0,0,0
2021,11.6,16,30,5,20
2021,11.6,8.5,30,0,0
2021,11.6,20.7,20,0,5
2021,11.6,8.1,10,0,0
2021,11.6,9.9,0,0,0
2021,11.6,8,20,10,5
2021,11.6,16,10,45,0
2021,11.6,2,40,30,5
2021,11.6,7.5,0,40,0
2021,11.6,10.5,40,50,0
2021,11.6,22.5,0,0,10
2021,11.6,11.5,40,45,0
2021,11.6,8.4,0,20,10
2021,11.6,2,0,0,0
2021,11.7,7.5,0,0,0
2021,11.7,6.4,0,0,0
2021,11.7,22.5,0,0,0
2021,11.7,11.7,10,45,0
2021,11.7,18.7,25,0,0
2021,11.7,4.6,20,0,40
2021,11.7,9.4,30,45,25
2021,11.7,13.5,50,15,10
2021,11.7,22.5,0,0,0
2021,11.7,22.5,0,0,0
2021,11.7,32.8,0,0,20
2021,11.7,7.5,50,0,65
2021,11.7,5.4,30,0,25
2021,11.7,15,0,0,0
2021,11.7,22.5,0,0,0
2021,11.7,5.6,0,20,10
2021,11.7,16.5,20,35,0
2021,11.7,22.5,0,0,0
2021,11.7,7.5,50,0,65
2021,11.7,8.5,0,0,0
2021,11.7,2.2,0,0,0
2021,11.7,22.5,0,0,0
2021,11.7,22.5,0,0,0
2021,11.7,22.5,0,0,0
2021,11.7,22.5,0,0,0
2021,11.7,22.5,0,0,0
2021,11.7,22.5,0,0,0
2021,11.7,15,0,0,0
2021,11.7,6.4,0,0,0
2021,11.7,22.5,0,0,0
2021,11.7,22.5,0,0,0
2021,11.7,10.1,0,0,0
2021,11.7,10.1,0,0,0
2021,11.7,17.2,20,20,10
2021,11.7,18.1,20,5,20
2021,11.7,15,0,0,0
2021,11.7,7.8,40,0,0
2021,11.7,15,0,0,0
2021,11.7,22.5,0,0,0
2021,11.7,22.5,0,0,0
2021,11.7,17,0,20,0
2021,11.7,30.9,0,25,0
2021,11.7,22.5,0,0,0
2021,11.7,8.5,10,0,25
2021,11.7,8.8,0,0,30
2021,11.7,22.5,0,0,0
2021,11.7,8.2,100,80,5
2021,11.7,4.2,0,0,0
2021,11.7,15,0,0,0
2021,11.7,15,0,0,0
2021,11.7,20,0,0,0
2021,11.7,24.7,0,0,0
2021,11.7,7,25,10,10
2021,11.7,26.5,0,0,0
2021,11.7,15,0,0,0
2021,11.7,22.5,0,0,0
2021,11.7,22.5,0,0,0
2021,11.7,22.5,0,0,0
2021,11.7,22.5,0,0,0
2021,11.7,18.9,0,25,0
2021,11.7,10.1,0,0,0
2021,11.7,22.5,0,0,0
2021,11.7,13.8,50,15,0
2021,11.7,17.2,10,0,40
2021,11.7,13.9,20,0,50
2021,11.7,18.6,15,25,0
2021,11.7,17,30,0,20
2021,11.7,9.1,20,10,0
2021,11.7,21.4,25,50,20
2021,11.7,12.3,10,0,0
2021,11.7,28.2,30,10,10
2021,11.7,29.2,25,0,0
2021,11.7,13.1,0,45,0
2021,11.7,6.4,0,0,0
2021,11.7,13.5,30,35,10
2021,11.7,11.1,30,0,60
2021,11.7,22.5,0,0,0
2021,11.7,9.5,0,5,0
2021,11.7,9.1,0,0,30
2021,11.7,6.6,30,45,15
2021,11.7,19.1,5,15,15
2021,11.7,22.5,0,0,0
2021,11.7,15,0,0,0
2021,11.7,20,0,0,0
2021,11.7,8.5,0,0,0
2021,11.7,18,25,5,15
2021,11.7,22.5,0,0,0
2021,11.7,13.9,10,30,0
2021,11.7,22.5,0,0,0
2021,11.7,22.5,0,0,0
2021,11.7,23,10,0,0
2021,11.7,20,0,0,0
2021,11.7,14.9,0,50,0
2021,11.7,18.6,10,0,30
2021,11.7,10.3,10,0,10
2021,11.7,34.6,0,0,0
2021,11.7,22.5,0,0,0
2021,11.7,22.5,0,0,0
2021,11.7,22.5,0,0,0
2021,11.7,7.2,0,70,15
2021,11.7,8.5,30,45,0
2021,11.7,4.2,75,30,0
2021,11.7,22.5,0,0,0
2021,11.7,22.6,0,0,0
2021,11.7,10.1,0,0,0
2021,11.7,20,0,0,0
2021,11.7,15,0,0,0
2021,11.7,11.3,10,5,0
2021,11.7,22.5,0,0,0
2021,11.7,22.5,0,0,0
2021,11.7,22.5,0,0,0
2021,11.7,22.5,0,0,0
2021,11.7,22.5,0,0,0
2021,11.7,22.5,0,0,0
2021,11.7,22.5,0,0,0
2021,11.7,10.3,20,0,0
2021,11.7,27.4,10,35,10
2021,11.7,14.8,40,80,20
2021,11.7,3.8,0,25,40
2021,11.8,16,0,0,30
2021,11.8,8.8,0,0,0
2021,11.8,8.8,0,0,0
2021,11.8,17.6,0,50,0
2021,11.8,1,0,40,0
2021,11.8,17.3,30,0,20
2021,11.8,25.1,0,0,0
2021,11.8,27.8,50,30,50
2021,11.8,16.7,0,15,25
2021,11.8,5.6,20,10,25
2021,11.8,33.2,0,0,10
2021,11.8,12.8,0,20,40
2021,11.8,10.5,0,0,0
2021,11.8,10.5,0,0,0
2021,11.8,22.9,0,0,0
2021,11.8,2.8,0,0,0
2021,11.8,25,0,0,0
2021,11.8,11.5,30,0,30
2021,11.8,10.4,0,0,0
2021,11.8,10.5,0,0,0
2021,11.8,10.5,0,0,0
2021,11.8,22.8,0,0,0
2021,11.8,2.6,55,0,0
2021,11.8,33.6,0,0,0
2021,11.8,13.7,0,0,0
2021,11.8,9.2,50,30,25
2021,11.8,23.9,0,0,0
2021,11.8,10.1,0,55,15
2021,11.8,11.5,0,60,0
2021,11.8,10.5,0,0,0
2021,11.8,12.3,0,0,0
2021,11.8,11.5,50,35,5
2021,11.8,12.7,10,0,0
2021,11.8,3.2,30,10,40
2021,11.8,8.4,0,15,0
2021,11.8,21.7,0,0,0
2021,11.8,2.6,0,30,0
2021,11.8,11.4,100,0,65
2021,11.8,4,0,20,0
2021,11.8,8.9,0,0,0
2021,11.8,20.4,0,0,0
2021,11.8,35.7,0,0,0
2021,11.8,14.7,55,0,0
2021,11.8,22.7,0,0,0
2021,11.8,12.7,10,0,0
2021,11.8,2.6,0,0,0
2021,11.8,19.4,20,0,15
2021,11.8,23,0,15,0
2021,11.8,17.4,30,0,20
2021,11.8,10.7,0,0,0
2021,11.8,20.6,5,15,10
2021,11.8,24.9,0,0,0
2021,11.8,20.4,50,35,20
2021,11.8,17.6,50,0,0
2021,11.8,12.3,40,45,0
2021,11.8,7,0,0,0
2021,11.8,18.5,55,30,15
2021,11.8,24.3,55,15,0
2021,11.8,17,15,35,5
2021,11.8,2,0,5,0
2021,11.8,10.6,60,45,65
2021,11.8,12.9,30,30,20
2021,11.8,16.7,20,15,20
2021,11.8,10.6,0,0,0
2021,11.8,30.8,0,15,10
2021,11.8,25.2,10,30,15
2021,11.8,18.8,15,10,15
2021,11.8,26.5,15,30,20
2021,11.8,22.5,20,35,35
2021,11.8,2.6,0,30,0
2021,11.8,15,0,35,0
2021,11.8,15.5,0,0,0
2021,11.8,6.8,0,25,0
2021,11.8,22.8,0,0,0
2021,11.8,9.9,25,45,0
2021,11.8,19,0,10,0
2021,11.8,7.5,10,65,0
2021,11.8,15,0,65,0
2021,11.8,19.9,20,0,0
2021,11.8,7.2,10,10,25
2021,11.8,8.9,20,0,15
2021,11.8,28.6,20,30,0
2021,11.8,13.9,0,0,0
2021,11.8,9.4,40,60,5
2021,11.8,11.3,25,0,0
2021,11.8,14.9,10,35,20
2021,11.8,9.5,15,5,10
2021,11.8,13.3,0,5,0
2021,11.8,10.6,35,60,0
2021,11.8,15,30,5,30
2021,11.8,2.6,0,0,0
2021,11.9,25,0,25,40
2021,11.9,0,20,0,0
2021,11.9,7.5,0,0,0
2021,11.9,7.5,0,0,0
2021,11.9,7.5,0,0,0
2021,11.9,27.1,0,0,50
2021,11.9,7.5,0,0,0
2021,11.9,7.5,0,0,0
2021,11.9,19.8,15,5,15
2021,11.9,30.3,40,0,0
2021,11.9,7.5,0,0,0
2021,11.9,7.5,0,0,0
2021,11.9,6,0,20,0
2021,11.9,7.5,0,0,0
2021,11.9,9.9,20,0,10
2021,11.9,7.5,0,0,0
2021,11.9,11.1,0,0,0
2021,11.9,9.8,60,45,0
2021,11.9,8.2,30,80,5
2021,11.9,7.5,0,0,0
2021,11.9,7.5,0,0,0
2021,11.9,7.5,0,0,0
2021,11.9,7.5,0,0,0
2021,11.9,16.2,60,0,0
2021,11.9,17.2,20,15,20
2021,11.9,10.3,50,45,5
2021,11.9,11.1,0,0,0
2021,11.9,11.1,0,0,0
2021,11.9,10.9,0,0,0
2021,11.9,7.5,0,0,0
2021,11.9,7.4,0,0,0
2021,11.9,7.5,0,0,0
2021,11.9,7.5,0,0,0
2021,11.9,7.5,0,0,0
2021,11.9,7.5,0,0,0
2021,11.9,7.5,0,0,0
2021,11.9,7.5,0,0,0
2021,11.9,7.5,0,0,0
2021,11.9,18.4,0,15,0
2021,11.9,7.5,0,0,0
2021,11.9,7.5,0,0,0
2021,11.9,29.7,10,25,10
2021,11.9,9.1,0,25,0
2021,11.9,7.5,0,0,0
2021,11.9,20,0,0,5
2021,11.9,0.6,0,45,0
2021,11.9,14.4,65,45,40
2021,11.9,7.5,0,0,0
2021,11.9,7.5,0,0,0
2021,11.9,34,0,0,0
2021,11.9,24.7,70,0,0
2021,11.9,7.5,0,0,0
2021,11.9,7.5,0,0,0
2021,11.9,11.1,0,0,0
2021,11.9,0,20,0,0
2021,11.9,19.4,10,25,5
2021,11.9,7.5,0,0,0
2021,11.9,15.6,0,0,0
2021,11.9,37.5,0,0,0
2021,11.9,15.9,0,40,0
2021,11.9,10.1,0,80,0
2021,11.9,7.5,0,0,0
2021,11.9,7.5,0,0,0
2021,11.9,7.5,55,20,15
2021,11.9,26.4,25,0,40
2021,11.9,7.5,0,0,0
2021,11.9,23.2,0,0,0
2021,11.9,7.5,0,0,0
2021,11.9,6.6,20,30,0
2021,11.9,28.7,45,0,0
2021,11.9,23.4,0,0,0
2021,11.9,7.5,0,0,0
2021,11.9,7.5,25,0,20
2021,11.9,19.8,35,0,0
2021,11.9,22.2,0,20,0
2021,11.9,7.5,0,0,0
2021,11.9,10.9,0,0,0
2021,11.9,15.3,100,30,10
2021,11.9,11.1,10,0,10
2021,11.9,0,0,0,20
2021,11.9,25.2,0,0,0
2021,11.9,22.5,20,0,0
2021,11.9,12.7,20,60,5
2021,11.9,2.6,0,5,0
2021,11.9,4.2,0,60,10
2021,11.9,22.5,20,0,0
2021,11.9,7.5,20,5,20
2021,11.9,7.5,0,0,0
2021,11.9,8.5,30,0,10
2021,11.9,21.4,50,30,20
2021,11.9,7.5,0,0,0
2021,11.9,0,0,35,15
2021,11.9,7.5,0,0,0
2021,11.9,7.5,0,0,0
2021,11.9,7.5,0,0,0
2021,11.9,3.2,20,45,10
2021,11.9,8.4,50,0,0
2021,11.9,7.5,0,0,0
2021,11.9,7.5,0,0,0
2021,11.9,15.4,0,35,0
2021,11.9,17.6,0,45,65
2021,11.9,7.5,0,0,0
2021,11.9,3,0,0,0
2021,11.9,1.4,80,50,0
2021,11.9,11.7,30,15,45
2021,11.9,7.5,0,0,0
2021,11.9,7.5,0,0,0
2021,11.9,28.8,0,20,20
2021,11.9,7.5,0,0,0
2021,11.9,22.5,30,45,0
2021,11.9,7.5,0,0,0
2021,11.9,12.1,25,0,70
2021,11.9,7.5,0,0,0
2021,11.9,7.5,0,0,0
2021,11.9,0,0,0,20
2021,11.9,19.6,0,45,50
2021,11.9,15,30,10,0
2021,11.9,7.5,0,0,0
2021,11.9,7.5,0,0,0
2021,11.9,7.5,0,0,0
2021,11.9,7.5,0,0,0
2021,11.9,12.3,35,20,0
2021,11.9,7.5,0,0,0
2021,11.9,7.5,0,0,0
2021,11.9,7.5,0,0,0
2021,11.9,7.5,0,0,0
2021,11.9,7.5,0,0,0
2021,11.9,7.5,0,0,0
2021,11.9,7.5,0,0,0
2021,11.9,3.6,25,0,0
2021,11.9,18,0,20,0
2021,11.9,34.6,0,0,0
2021,11.9,7.5,0,0,0
2021,11.9,7.5,0,0,0
2021,11.9,8.5,10,30,0
2021,11.9,10.9,35,55,5
2021,11.9,7.5,0,0,45
2021,11.9,7.5,0,0,0
2021,11.9,7.5,0,0,0
2021,11.9,0,0,0,20
2021,11.9,7.5,0,0,0
2021,11.9,9.5,30,45,0
2021,11.9,7.5,0,0,0
2021,11.9,10.5,0,20,50
2021,11.9,7.5,0,0,0
2021,11.9,7.5,0,0,0
2021,11.9,7.5,30,15,0
2021,11.9,15.5,0,20,15
2021,11.9,7.5,0,0,0
2021,11.9,7.5,0,0,0
2021,11.9,7.5,0,0,0
2021,11.9,34,0,0,0
2021,11.9,7.5,0,0,0
2021,11.9,7.5,0,0,0
2021,11.9,7.5,0,15,30
2021,11.9,17.7,15,15,20
2021,11.9,7.5,20,25,0
2021,11.9,11.3,0,0,20
2021,11.9,7.8,25,0,20
2021,11.9,7.5,0,0,0
2021,11.9,7.5,0,0,0
2021,11.9,7.5,0,0,0
2021,11.9,7.5,0,0,0
2021,11.9,7.5,0,0,0
2021,11.9,7.5,0,0,0
2021,11.9,7.5,0,0,0
2021,11.9,7.5,0,0,0
2021,11.9,8.5,0,0,40
2021,11.9,7.8,35,10,0
2021,11.9,13.9,0,45,0
2021,11.9,7.5,0,0,0
2021,11.9,7.5,0,0,0
2021,11.9,25.8,80,15,50
2021,11.9,15.9,0,0,0
2021,11.9,7.5,0,0,0
2021,11.9,18,0,20,0
2021,11.9,7.5,0,0,0
2021,11.9,7.5,0,0,0
2021,11.9,7.5,0,0,0
2021,11.9,7.5,0,0,0
2021,11.9,7.5,0,0,0
2021,11.9,7.5,0,0,0
2021,11.9,7.5,0,0,0
2021,11.9,7.5,0,0,0
2021,11.9,7.5,0,0,0
2021,11.9,3,0,0,0
2021,11.9,17,0,0,0
2021,11.9,6,30,80,20
2021,11.9,10.9,10,40,15
2021,11.9,7.5,0,0,0
2021,11.9,7.5,0,0,0
2021,11.9,7.5,0,0,0
2021,11.9,34,0,0,0
2021,11.9,7.5,0,0,0
2021,11.9,7.5,0,35,10
2021,11.9,14.3,0,0,0
2021,11.9,24.5,5,0,0
2021,11.9,1.6,10,0,0
2021,11.9,19.8,25,0,10
2021,11.9,11.1,20,0,0
2021,11.9,20.1,10,80,20
2021,11.9,10.7,15,10,0
2021,11.9,0,30,35,30
2021,11.9,16.3,10,40,10
2021,11.9,7.5,15,20,10
2021,11.9,7.5,0,0,0
2021,12,3.6,0,0,0
2021,12,1,0,0,0
2021,12,22.5,0,0,0
2021,12,22.5,0,0,0
2021,12,13.2,40,0,45
2021,12,9.5,0,0,0
2021,12,5.8,0,10,0
2021,12,23.5,10,0,5
2021,12,11.7,10,0,10
2021,12,17.2,0,0,0
2021,12,22.5,0,0,0
2021,12,22.5,0,0,0
2021,12,9.5,0,0,0
2021,12,36.7,0,0,0
2021,12,14.5,0,0,0
2021,12,11.2,0,0,0
2021,12,7.5,0,15,0
2021,12,10,0,90,15
2021,12,24.1,30,0,55
2021,12,31.9,0,20,0
2021,12,19.6,0,20,0
2021,12,9,15,25,0
2021,12,20.4,5,0,0
2021,12,21.2,0,30,0
2021,12,14.5,30,35,10
2021,12,2,30,40,15
2021,12,21.2,0,0,0
2021,12,18.1,0,20,0
2021,12,23.5,0,0,0
2021,12,31,0,40,0
2021,12,2,0,0,10
2021,12,23.5,0,0,0
2021,12,32.7,0,25,0
2021,12,21,0,25,0
2021,12,16.7,60,0,0
2021,12,10.9,15,0,10
2021,12,6.4,75,25,0
2021,12,11.4,0,0,0
2021,12,22.5,0,0,0
2021,12,12.4,0,15,50
2021,12,18.7,50,10,0
2021,12,22.4,0,60,20
2021,12,11.5,0,0,0
2021,12,19.2,0,30,0
2021,12,5.2,75,30,0
2021,12,47.8,0,0,0
2021,12,0,15,55,30
2021,12,10.1,10,20,0
2021,12,3.6,0,0,0
2021,12,16.3,0,0,0
2021,12,22.5,0,0,0
2021,12,23.8,0,0,0
2021,12,23.8,0,0,0
2021,12,45.7,0,15,0
2021,12,23.8,0,0,0
2021,12,11.5,0,0,0
2021,12,7.5,0,0,15
2021,12,33.9,10,0,10
2021,12,12.3,10,60,20
2021,12,19.6,25,5,10
2021,12,16.1,0,0,0
2021,12,10.3,0,0,30
2021,12,13.1,50,10,25
2021,12,14.7,30,45,0
2021,12,2.2,10,0,0
2021,12,15.4,20,45,5
2021,12,12.5,0,15,0
2021,12,24.4,50,15,20
2021,12,11.1,20,5,0
2021,12,22.5,0,0,0
2021,12,4.6,0,20,0
2021,12,13.5,10,0,0
2021,12,17.4,35,15,0
2021,12,13.5,0,0,10
2021,12,0,50,45,5
2021,12,13.3,0,0,0
2021,12,9.4,0,25,0
2021,12,9.5,20,15,0
2021,12,3.4,20,45,10
2021,12,16.7,0,30,0
2021,12,15,0,0,50
2021,12,10.9,0,10,15
2021,12,21.4,0,0,0
2021,12,22.5,0,0,0
2021,12,20.8,10,0,0
2021,12,17.6,40,0,0
2021,12,7.8,0,25,0
2021,12,2.4,0,35,0
2021,12,7.8,0,0,0
2021,12,9.5,0,0,0
2021,12,16,10,15,40
2021,12,15.9,60,60,20
2021,12,23.5,0,0,0
2021,12,8.4,50,20,15
2021,12,7.2,25,20,5
2021,12,23.8,15,0,0
2021,12,10.1,0,0,30
2021,12,12.1,0,40,30
2021,12,14.7,30,15,30
2021,12,23.5,0,15,0
2021,12,13.7,50,30,0
2021,12,25,0,0,0
2021,12,11.3,0,0,0
2021,12,11.2,0,0,0
2021,12,9.6,0,25,0
2021,12,23,0,60,15
2021,12,14.5,30,45,0
2021,12,21.8,90,0,10
2021,12,16,0,0,0
2021,12,21.4,90,0,15
2021,12,1.6,0,0,0
2021,12,8.2,0,45,0
2021,12,22.5,0,0,0
2021,12,21.4,0,0,0
2021,12,12.7,10,45,0
2021,12,20.2,0,0,15
2021,12,11.3,0,0,0
2021,12,11.5,0,0,0
2021,12,12.1,20,50,20
2021,12,5.4,15,0,0
2021,12,12.1,25,0,0
2021,12,8.9,30,0,10
2021,12,9.1,15,5,20
2021,12,14.5,0,0,0
2021,12,0,30,70,0
2021,12,0,20,0,5
2021,12,17.6,20,5,30
2021,12,19.7,20,75,20
2021,12,6.6,20,25,10
2021,12,0,25,0,0
2021,12,11.1,25,0,0
2021,12.1,10.1,0,0,0
2021,12.1,18.6,0,20,0
2021,12.1,10.1,0,25,0
2021,12.1,7.5,0,0,0
2021,12.1,15,0,0,0
2021,12.1,23,10,0,10
2021,12.1,15,0,0,0
2021,12.1,15,0,0,0
2021,12.1,15,0,0,0
2021,12.1,15,0,0,0
2021,12.1,21.6,30,0,0
2021,12.1,15,0,0,0
2021,12.1,15,0,0,0
2021,12.1,15,0,0,0
2021,12.1,15,0,0,0
2021,12.1,15,0,0,0
2021,12.1,15,0,0,0
2021,12.1,11.7,0,0,0
2021,12.1,11.7,0,0,0
2021,12.1,15,0,0,0
2021,12.1,15,0,0,0
2021,12.1,15,0,0,0
2021,12.1,13.5,10,10,0
2021,12.1,16.5,0,0,0
2021,12.1,16.1,20,45,0
2021,12.1,7.5,0,0,0
2021,12.1,9.5,0,15,0
2021,12.1,32,0,20,0
2021,12.1,3.8,0,0,0
2021,12.1,15,0,0,0
2021,12.1,7.5,0,0,0
2021,12.1,15,0,0,0
2021,12.1,23,0,0,0
2021,12.1,15,0,0,0
2021,12.1,11.7,0,0,0
2021,12.1,13.7,0,0,0
2021,12.1,32.5,0,25,0
2021,12.1,15,0,0,0
2021,12.1,26.1,0,0,0
2021,12.1,15,0,0,0
2021,12.1,11.7,0,0,0
2021,12.1,13.6,0,0,0
2021,12.1,15,0,0,0
2021,12.1,14.7,35,10,0
2021,12.1,8.4,20,15,10
2021,12.1,8.2,0,0,0
2021,12.1,14.7,0,45,0
2021,12.1,13.1,30,0,0
2021,12.1,13.5,0,0,0
2021,12.1,15,0,0,0
2021,12.1,15,0,0,0
2021,12.1,7.5,0,50,0
2021,12.1,15,0,0,0
2021,12.1,15,0,0,0
2021,12.1,15,0,0,0
2021,12.1,7.5,0,0,0
2021,12.1,15,0,0,0
2021,12.1,15,0,0,0
2021,12.1,35.4,0,0,0
2021,12.1,18.6,50,0,0
2021,12.1,17.2,0,30,0
2021,12.1,7.5,0,0,50
2021,12.1,36,0,0,0
2021,12.1,20.2,50,45,20
2021,12.1,22.5,0,0,10
2021,12.1,15,0,0,0
2021,12.1,16.5,0,0,0
2021,12.1,15,0,0,0
2021,12.1,15,0,0,0
2021,12.1,13.5,25,30,30
2021,12.1,15,0,0,0
2021,12.1,11.7,25,65,5
2021,12.1,15,0,0,0
2021,12.1,24.2,0,0,0
2021,12.1,9.8,0,0,0
2021,12.1,9.5,0,15,0
2021,12.1,7.5,0,0,0
2021,12.1,18.6,0,20,0
2021,12.1,15,0,0,0
2021,12.1,15,0,0,0
2021,12.1,15,0,0,0
2021,12.1,15,0,0,0
2021,12.1,15,0,0,0
2021,12.1,15,0,0,0
2021,12.1,15,0,0,0
2021,12.1,15,0,0,0
2021,12.1,15,0,0,0
2021,12.1,3.8,15,20,40
2021,12.1,15,0,0,0
2021,12.1,15,0,0,0
2021,12.1,15,0,0,0
2021,12.1,15,0,0,0
2021,12.1,15,0,0,0
2021,12.1,15,0,0,0
2021,12.1,15,0,0,0
2021,12.1,7.5,0,50,0
2021,12.1,15,0,0,0
2021,12.1,15,0,0,0
2021,12.1,15,0,0,0
2021,12.1,15,0,0,0
2021,12.1,15,0,0,0
2021,12.1,15,0,0,0
2021,12.1,15,0,0,0
2021,12.1,15,0,0,0
2021,12.1,15,0,0,0
2021,12.1,15,0,0,0
2021,12.1,15,0,0,0
2021,12.1,15,0,0,0
2021,12.1,15,0,0,0
2021,12.1,27.1,0,0,0
2021,12.1,15,0,0,0
2021,12.1,15,0,0,0
2021,12.1,15,0,0,0
2021,12.1,11.9,0,0,0
2021,12.1,15,0,0,0
2021,12.1,21.8,5,5,20
2021,12.1,21.8,0,0,0
2021,12.1,11.1,30,40,0
2021,12.1,6.8,0,20,0
2021,12.1,15,0,0,0
2021,12.1,13.7,10,0,0
2021,12.1,15,0,0,0
2021,12.1,15,0,0,0
2021,12.1,15,0,0,0
2021,12.1,17.3,0,30,0
2021,12.1,15,0,0,0
2021,12.1,4.4,70,35,40
2021,12.1,22.2,50,0,50
2021,12.1,15,0,0,0
2021,12.1,15,0,0,0
2021,12.1,15,0,0,0
2021,12.1,9.9,0,0,0
2021,12.1,8,0,0,0
2021,12.1,15,0,0,0
2021,12.1,14.1,40,0,40
2021,12.1,9.5,60,20,0
2021,12.1,15,0,0,0
2021,12.1,19.1,0,15,0
2021,12.1,15,0,0,0
2021,12.1,10.2,30,45,0
2021,12.1,15,0,0,0
2021,12.1,15,0,0,0
2021,12.1,15,0,0,0
2021,12.1,15,0,0,0
2021,12.1,15,0,0,0
2021,12.1,7.5,15,35,0
2021,12.1,15,0,0,0
2021,12.1,11.9,0,0,0
2021,12.1,7.5,0,0,0
2021,12.1,15,0,0,0
2021,12.1,11.9,0,0,0
2021,12.1,15,0,0,0
2021,12.1,15,0,0,0
2021,12.1,16.3,20,35,10
2021,12.1,11.6,0,0,0
2021,12.1,16.6,0,0,0
2021,12.1,15,0,0,0
2021,12.1,15,0,0,0
2021,12.1,15,0,0,0
2021,12.1,15,0,0,0
2021,12.1,15,0,0,0
2021,12.1,7.5,0,0,50
2021,12.1,15,0,0,0
2021,12.1,15,0,0,0
2021,12.1,15,0,0,0
2021,12.1,15,0,0,0
2021,12.1,15,0,0,0
2021,12.1,15,0,0,0
2021,12.1,18.6,40,0,10
2021,12.1,15,0,0,0
2021,12.1,15,0,0,0
2021,12.1,15,0,0,0
2021,12.1,15,0,0,0
2021,12.1,11.1,20,60,20
2021,12.1,15,0,0,0
2021,12.1,15,0,0,0
2021,12.1,35.9,0,0,0
2021,12.1,9.8,0,15,0
2021,12.1,15,0,0,0
2021,12.1,15,0,0,0
2021,12.1,15,0,0,0
2021,12.1,9.9,10,15,10
2021,12.1,2,0,5,10
2021,12.1,15,0,0,0
2021,12.1,11.9,0,0,0
2021,12.1,15,0,0,0
2021,12.1,9.8,0,0,0
2021,12.1,25.1,0,0,0
2021,12.1,17.9,30,0,25
2021,12.1,15,0,0,0
2021,12.1,15,0,0,0
2021,12.1,15,0,0,0
2021,12.1,15,0,0,0
2021,12.1,15,0,0,0
2021,12.1,7.2,60,10,0
2021,12.1,15,0,0,0
2021,12.1,15,0,0,0
2021,12.1,15,0,0,0
2021,12.1,4,0,0,0
2021,12.1,15,0,0,0
2021,12.1,15,0,0,0
2021,12.1,15,0,0,0
2021,12.1,15,0,0,0
2021,12.1,24.2,0,0,0
2021,12.1,15,0,0,0
2021,12.1,15,0,0,0
2021,12.1,15,0,0,0
2021,12.1,9.5,35,5,0
2021,12.1,15,0,0,0
2021,12.1,15,0,0,0
2021,12.1,15,0,0,0
2021,12.1,15,0,0,0
2021,12.1,15,0,0,0
2021,12.1,8.5,0,45,0
2021,12.1,15,0,0,0
2021,12.1,9,50,45,20
2021,12.1,15,0,0,0
2021,12.1,21.6,30,0,0
2021,12.1,7.5,25,20,5
2021,12.1,17,30,20,10
2021,12.1,15,0,0,0
2021,12.1,15,0,0,0
2021,12.1,13.1,15,0,0
2021,12.1,15,0,0,0
2021,12.1,15,0,0,0
2021,12.1,2.6,10,0,0
2021,12.1,15,0,0,0
2021,12.1,15,0,0,0
2021,12.1,15,0,0,0
2021,12.1,15,0,0,0
2021,12.1,15,0,0,0
2021,12.1,15,0,0,0
2021,12.1,7.5,50,0,0
2021,12.1,15,0,0,0
2021,12.1,15,0,0,0
2021,12.1,15,0,0,0
2021,12.1,11.1,30,30,40
2021,12.2,11.1,30,0,0
2021,12.2,0,0,0,0
2021,12.2,19.5,50,65,5
2021,12.2,14.7,0,50,0
2021,12.2,42.9,40,0,0
2021,12.2,4.8,10,0,0
2021,12.2,14.5,0,35,15
2021,12.2,19.4,0,0,0
2021,12.2,0,0,0,0
2021,12.2,40.8,20,15,20
2021,12.2,19,20,85,20
2021,12.2,48.7,0,0,0
