NU_ANO,CO_CURSO,NU_IDADE
2021,1214121,7
2021,1137223,8
2021,89380,14
2021,123526,17
2021,123537,18
2021,1348195,18
2021,81328,18
2021,1180789,18
2021,1286800,18
2021,1286800,18
2021,114097,18
2021,71514,18
2021,55542,18
2021,113829,18
2021,123537,18
2021,123539,18
2021,77098,18
2021,1205714,18
2021,1286800,18
2021,86782,18
2021,5000454,18
2021,123537,18
2021,123537,18
2021,1001938,18
2021,97346,18
2021,71514,18
2021,1204842,18
2021,1265877,18
2021,1286800,18
2021,1497553,18
2021,113829,18
2021,75288,18
2021,1131979,18
2021,123526,18
2021,52007,18
2021,1160946,18
2021,1155933,18
2021,1258848,18
2021,1497553,18
2021,1214120,18
2021,1131979,18
2021,5001328,18
2021,1454405,18
2021,110172,18
2021,52007,18
2021,1204643,18
2021,97346,18
2021,1180796,18
2021,52007,18
2021,1155933,18
2021,65955,18
2021,71514,18
2021,5000454,18
2021,1001938,18
2021,76851,18
2021,1001938,18
2021,86782,18
2021,1131979,18
2021,1205876,18
2021,1388165,18
2021,123541,18
2021,1258848,18
2021,5000457,18
2021,1257511,18
2021,1204643,18
2021,1279732,18
2021,76937,18
2021,5000008,18
2021,1204643,18
2021,1258848,18
2021,95215,18
2021,1106261,18
2021,1001938,18
2021,123523,18
2021,1258844,18
2021,75288,18
2021,77134,18
2021,123537,18
2021,1321321,18
2021,1382777,18
2021,1131979,18
2021,4092,18
2021,1382607,18
2021,1382607,18
2021,1286800,18
2021,1286800,18
2021,1286800,18
2021,1137223,18
2021,1322633,18
2021,21892,18
2021,1452642,18
2021,1332807,18
2021,1332807,18
2021,7510,18
2021,55542,18
2021,1134850,18
2021,1315315,18
2021,100305,18
2021,1285865,18
2021,1485428,19
2021,76937,19
2021,114178,19
2021,17266,19
2021,123541,19
2021,1286800,19
2021,123530,19
2021,1155933,19
2021,123526,19
2021,1180605,19
2021,52007,19
2021,1348195,19
2021,1265877,19
2021,123541,19
2021,89380,19
2021,1161613,19
2021,113829,19
2021,71514,19
2021,1258844,19
2021,52007,19
2021,1119473,19
2021,1286800,19
2021,58360,19
2021,1402587,19
2021,1180799,19
2021,1155933,19
2021,71514,19
2021,123523,19
2021,114178,19
2021,1402587,19
2021,59993,19
2021,48895,19
2021,86782,19
2021,123539,19
2021,1427624,19
2021,97346,19
2021,58360,19
2021,1258538,19
2021,123541,19
2021,52007,19
2021,123526,19
2021,5000448,19
2021,1180799,19
2021,97939,19
2021,1258538,19
2021,113829,19
2021,52007,19
2021,1259052,19
2021,114097,19
2021,52007,19
2021,123526,19
2021,76951,19
2021,1205876,19
2021,1286800,19
2021,1166010,19
2021,1286800,19
2021,5001328,19
2021,100305,19
2021,100305,19
2021,1210192,19
2021,113829,19
2021,113829,19
2021,123537,19
2021,71514,19
2021,47798,19
2021,1156021,19
2021,123549,19
2021,1388165,19
2021,1194058,19
2021,5000448,19
2021,1155933,19
2021,123537,19
2021,97346,19
2021,123523,19
2021,5000448,19
2021,89380,19
2021,123549,19
2021,1131979,19
2021,1485386,19
2021,1180799,19
2021,1286800,19
2021,123530,19
2021,123539,19
2021,1402587,19
2021,1156021,19
2021,1156021,19
2021,77098,19
2021,64900,19
2021,1258844,19
2021,123541,19
2021,123677,19
2021,1180605,19
2021,1180796,19
2021,1388165,19
2021,87280,19
2021,89380,19
2021,123549,19
2021,1180799,19
2021,71514,19
2021,1521925,19
2021,1286800,19
2021,1286800,19
2021,113829,19
2021,59972,19
2021,65740,19
2021,123537,19
2021,123233,19
2021,123541,19
2021,123526,19
2021,123537,19
2021,1368761,19
2021,86782,19
2021,1286800,19
2021,114097,19
2021,123539,19
2021,1454405,19
2021,123526,19
2021,86782,19
2021,1474142,19
2021,123539,19
2021,123539,19
2021,1156617,19
2021,1286800,19
2021,58360,19
2021,1180605,19
2021,86782,19
2021,97346,19
2021,97346,19
2021,69891,19
2021,1258844,19
2021,65955,19
2021,72259,19
2021,123523,19
2021,1521879,19
2021,1155933,19
2021,103338,19
2021,71514,19
2021,1258538,19
2021,1521925,19
2021,65955,19
2021,1180799,19
2021,1258538,19
2021,111090,19
2021,89380,19
2021,5000454,19
2021,113829,19
2021,65740,19
2021,64734,19
2021,1131979,19
2021,1160224,19
2021,123526,19
2021,1402587,19
2021,5000456,19
2021,123537,19
2021,1131979,19
2021,17307,19
2021,52007,19
2021,1427577,19
2021,1458241,19
2021,114097,19
2021,5000456,19
2021,100305,19
2021,1364323,19
2021,1155933,19
2021,100305,19
2021,5000456,19
2021,1204536,19
2021,1001938,19
2021,1180799,19
2021,1497553,19
2021,69095,19
2021,123545,19
2021,1131979,19
2021,100305,19
2021,97346,19
2021,1144777,19
2021,87280,19
2021,1364323,19
2021,1481976,19
2021,3497,19
2021,1204643,19
2021,1156021,19
2021,123677,19
2021,87280,19
2021,114178,19
2021,67380,19
2021,52007,19
2021,100305,19
2021,102210,19
2021,5000448,19
2021,1180799,19
2021,1457379,19
2021,114097,19
2021,112056,19
2021,123526,19
2021,5000456,19
2021,1298977,19
2021,77098,19
2021,1155933,19
2021,1180799,19
2021,17266,19
2021,17380,19
2021,100305,19
2021,111090,19
2021,111090,19
2021,1134850,19
2021,5000454,19
2021,1286800,19
2021,102176,19
2021,123523,19
2021,123545,19
2021,71514,19
2021,1156617,19
2021,1134850,19
2021,1156021,19
2021,65955,19
2021,86782,19
2021,90414,19
2021,1156711,19
2021,1156021,19
2021,1180799,19
2021,71514,19
2021,100305,19
2021,18429,19
2021,1348195,19
2021,1258538,19
2021,87280,19
2021,1265877,19
2021,114178,19
2021,71514,19
2021,1382777,19
2021,1268536,19
2021,123523,19
2021,1402587,19
2021,71514,19
2021,5000448,19
2021,77134,19
2021,123537,19
2021,1521925,19
2021,1204842,19
2021,55542,19
2021,115664,19
2021,97346,19
2021,114097,19
2021,114178,19
2021,67380,19
2021,5000457,19
2021,71514,19
2021,1315315,19
2021,65740,19
2021,72259,19
2021,15862,19
2021,310155,19
2021,1206201,19
2021,123523,19
2021,114178,19
2021,1286800,19
2021,100305,19
2021,100305,19
2021,1151449,19
2021,89380,19
2021,97346,19
2021,123526,19
2021,114178,19
2021,5000457,19
2021,1286800,19
2021,1204842,19
2021,70492,19
2021,5000456,19
2021,77098,19
2021,113829,19
2021,114097,19
2021,1368761,19
2021,3601,19
2021,59841,19
2021,24225,19
2021,113829,19
2021,1103759,19
2021,1348195,19
2021,113829,19
2021,123526,19
2021,1155933,19
2021,71514,19
2021,38807,19
2021,87280,19
2021,1348195,19
2021,1304818,19
2021,5000456,19
2021,123545,19
2021,20699,19
2021,86782,19
2021,1261584,19
2021,1314234,19
2021,114097,19
2021,89380,19
2021,89380,19
2021,1131979,19
2021,100305,19
2021,58360,19
2021,5000456,19
2021,123526,19
2021,1474142,19
2021,5000008,19
2021,114097,19
2021,123523,19
2021,114178,19
2021,1156021,19
2021,1156021,19
2021,113025,19
2021,89380,19
2021,1001938,19
2021,89380,19
2021,123537,19
2021,1285868,19
2021,123526,19
2021,123523,19
2021,1402587,19
2021,1156021,19
2021,1258844,19
2021,1155933,19
2021,71514,19
2021,71514,19
2021,48895,19
2021,1286800,19
2021,100305,19
2021,113829,19
2021,1205876,19
2021,1521925,19
2021,52007,19
2021,1497553,19
2021,58360,19
2021,15207,19
2021,123541,19
2021,1258528,19
2021,5000456,19
2021,49877,19
2021,123537,19
2021,1365706,19
2021,102176,19
2021,123523,19
2021,123530,19
2021,123545,19
2021,94994,19
2021,1134850,19
2021,1286800,19
2021,1286800,19
2021,5001296,19
2021,121131,19
2021,123541,19
2021,123526,19
2021,1161613,19
2021,48895,19
2021,123677,19
2021,86782,19
2021,1214120,19
2021,1156711,19
2021,1177465,19
2021,77098,19
2021,67380,19
2021,1454405,19
2021,114097,19
2021,123526,19
2021,77098,19
2021,123537,19
2021,65740,19
2021,113829,19
2021,1001938,19
2021,123549,19
2021,1156021,19
2021,75288,19
2021,89380,19
2021,123541,19
2021,123537,19
2021,1155933,19
2021,68773,19
2021,1388165,19
2021,1388165,19
2021,1259052,19
2021,67380,19
2021,100305,19
2021,1128377,19
2021,69095,19
2021,75288,19
2021,67380,19
2021,1286800,19
2021,89380,19
2021,111982,19
2021,77134,19
2021,52007,19
2021,9466,19
2021,1180799,19
2021,1131979,19
2021,5001328,19
2021,100728,19
2021,5000454,19
2021,1427574,19
2021,1368761,19
2021,52007,19
2021,123526,19
2021,123523,19
2021,1298977,19
2021,76851,19
2021,105158,19
2021,1454405,19
2021,86782,19
2021,1348195,19
2021,113829,19
2021,113829,19
2021,1160946,19
2021,123539,19
2021,123549,19
2021,1156021,19
2021,1155933,19
2021,103257,19
2021,98301,19
2021,1194058,19
2021,1155933,19
2021,86782,19
2021,123526,19
2021,1160946,19
2021,76937,19
2021,67380,19
2021,1180799,19
2021,86782,19
2021,114346,19
2021,1286800,19
2021,100305,19
2021,55542,19
2021,111090,19
2021,113025,19
2021,1001938,19
2021,1204643,19
2021,45102,19
2021,113829,19
2021,86782,19
2021,1333079,19
2021,1315060,19
2021,1457379,19
2021,38863,19
2021,1001938,19
2021,123523,19
2021,1180799,19
2021,1204643,19
2021,123523,19
2021,1258848,19
2021,1521874,19
2021,123549,19
2021,75288,19
2021,1180799,19
2021,113829,19
2021,123523,19
2021,5000456,19
2021,1146536,19
2021,5001328,19
2021,1134850,19
2021,123526,19
2021,5000457,19
2021,123541,19
2021,113829,19
2021,1258844,19
2021,1180789,19
2021,71514,19
2021,52007,19
2021,52007,19
2021,72065,19
2021,1159447,19
2021,52007,19
2021,107380,19
2021,1330710,19
2021,89380,19
2021,89380,19
2021,123523,19
2021,105191,19
2021,89380,19
2021,1308132,19
2021,67380,19
2021,1131979,19
2021,5000454,19
2021,123541,19
2021,65955,19
2021,20525,19
2021,123545,19
2021,89380,19
2021,58360,19
2021,1155933,19
2021,1286800,19
2021,1458241,19
2021,1166126,19
2021,1259052,19
2021,87280,19
2021,1322945,19
2021,89380,19
2021,5000454,19
2021,1258848,19
2021,86782,19
2021,96655,19
2021,1204643,19
2021,114097,19
2021,123537,19
2021,86782,19
2021,1525885,19
2021,111090,19
2021,1177465,19
2021,1214120,19
2021,123545,19
2021,1155933,19
2021,71514,19
2021,1286800,19
2021,123539,19
2021,113829,19
2021,100305,19
2021,87280,19
2021,97346,19
2021,1156021,19
2021,77098,19
2021,52007,19
2021,89380,19
2021,113829,19
2021,1521879,19
2021,1292570,19
2021,1204643,19
2021,1454405,19
2021,1427577,19
2021,123526,19
2021,1160946,19
2021,114178,19
2021,123537,19
2021,1180799,19
2021,1286800,19
2021,105644,19
2021,1497553,19
2021,1382777,19
2021,1327343,19
2021,1402587,19
2021,100305,19
2021,5000454,19
2021,5000008,19
2021,89380,19
2021,123526,19
2021,76951,19
2021,1454405,19
2021,86782,19
2021,105158,19
2021,71514,19
2021,1382777,19
2021,94994,19
2021,97346,19
2021,1204842,19
2021,113829,19
2021,67380,19
2021,1180799,19
2021,1205876,19
2021,1205876,19
2021,100305,19
2021,97346,19
2021,97346,19
2021,123539,19
2021,19830,19
2021,123545,19
2021,89002,19
2021,70395,19
2021,123526,19
2021,77098,19
2021,65740,19
2021,71514,19
2021,1427577,19
2021,1427632,19
2021,87148,19
2021,89380,19
2021,89380,19
2021,1368761,19
2021,114346,19
2021,87280,19
2021,105158,19
2021,97346,19
2021,123537,19
2021,1155933,19
2021,71514,19
2021,1134850,19
2021,77098,19
2021,52007,19
2021,1205437,19
2021,89380,19
2021,5000454,19
2021,123545,19
2021,76851,19
2021,87280,19
2021,1521925,19
2021,1427749,19
2021,80542,19
2021,97346,19
2021,113829,19
2021,123523,19
2021,123537,19
2021,1180799,19
2021,52007,19
2021,1286800,19
2021,1135068,19
2021,89380,19
2021,123545,19
2021,123537,19
2021,75288,19
2021,87280,19
2021,102176,19
2021,32799,19
2021,70395,19
2021,114097,19
2021,102869,19
2021,114097,19
2021,114178,19
2021,76951,19
2021,1155933,19
2021,1286800,19
2021,100305,19
2021,1001938,19
2021,1186073,19
2021,89380,19
2021,89380,19
2021,123539,19
2021,1364335,19
2021,97346,19
2021,80542,19
2021,1474142,19
2021,89380,19
2021,1521879,19
2021,1160946,19
2021,1268545,19
2021,1258528,19
2021,1258538,19
2021,113829,19
2021,1156021,19
2021,1348195,19
2021,1160099,19
2021,123541,19
2021,1258844,19
2021,77098,19
2021,1180799,19
2021,1321318,19
2021,1300006,19
2021,52007,19
2021,107383,19
2021,112052,19
2021,89380,19
2021,58360,19
2021,123523,19
2021,1209155,19
2021,75203,19
2021,111090,19
2021,89380,19
2021,1180605,19
2021,48895,19
2021,110172,19
2021,65687,19
2021,89380,19
2021,89380,19
2021,1001938,19
2021,113829,19
2021,123523,19
2021,1258848,19
2021,52007,19
2021,100305,19
2021,1268566,19
2021,113829,19
2021,1180799,19
2021,1131979,19
2021,89380,19
2021,1298977,19
2021,37295,19
2021,1260543,19
2021,97346,19
2021,114178,19
2021,1454405,19
2021,31221,19
2021,1382777,19
2021,103338,19
2021,102869,19
2021,1348195,19
2021,1521874,19
2021,52007,19
2021,100305,19
2021,112056,19
2021,123526,19
2021,1119473,19
2021,100305,19
2021,9470,19
2021,1204643,19
2021,1454405,19
2021,1205470,19
2021,1258848,19
2021,1180605,19
2021,1155933,19
2021,1427577,19
2021,1286800,19
2021,58360,19
2021,1204643,19
2021,1180799,19
2021,1265877,19
2021,1131979,19
2021,103338,19
2021,123537,19
2021,55542,19
2021,1265877,19
2021,97346,19
2021,1001938,19
2021,1285868,19
2021,1144777,19
2021,87280,19
2021,1485428,19
2021,123549,19
2021,1103759,19
2021,58360,19
2021,123523,19
2021,71514,19
2021,1286097,19
2021,1286800,19
2021,1137223,19
2021,1155933,19
2021,1188193,19
2021,1332852,19
2021,68773,19
2021,37291,19
2021,1496374,19
2021,71514,19
2021,1330719,19
2021,1001938,19
2021,123549,19
2021,111090,19
2021,1146775,19
2021,1257521,19
2021,114178,19
2021,100305,19
2021,1286531,19
2021,89380,19
2021,1458085,19
2021,5000454,19
2021,100305,19
2021,87280,19
2021,89380,19
2021,97346,19
2021,1258844,19
2021,1155933,19
2021,100305,19
2021,1323000,19
2021,89380,19
2021,1363505,19
2021,1001938,19
2021,97253,19
2021,1279605,19
2021,1180796,19
2021,1454405,19
2021,39076,19
2021,5001328,19
2021,1134850,19
2021,89380,19
2021,1131979,19
2021,1205876,19
2021,1258538,19
2021,1521925,19
2021,1186073,19
2021,79669,19
2021,1258528,19
2021,1001938,19
2021,1427577,19
2021,5000454,19
2021,15402,19
2021,65955,19
2021,74649,19
2021,100305,19
2021,107836,19
2021,97780,19
2021,87280,19
2021,1001938,19
2021,1001938,19
2021,1348195,19
2021,1286800,19
2021,89380,19
2021,5000457,19
2021,1104698,19
2021,1402587,19
2021,1180799,19
2021,18694,19
2021,60266,19
2021,77134,19
2021,1404804,19
2021,89380,19
2021,96655,19
2021,1131979,19
2021,1457379,19
2021,1286800,19
2021,89380,19
2021,123530,19
2021,58360,19
2021,77134,19
2021,1349715,19
2021,113829,19
2021,113829,19
2021,1286800,19
2021,5000350,19
2021,1001938,19
2021,58180,19
2021,24498,19
2021,1155933,19
2021,1382777,19
2021,59991,19
2021,1131979,19
2021,65740,19
2021,100305,19
2021,1134850,19
2021,89380,19
2021,1204643,19
2021,1180789,19
2021,81328,19
2021,1431918,19
2021,76937,19
2021,123537,19
2021,1388165,19
2021,1180605,19
2021,71514,19
2021,52007,19
2021,86782,19
2021,1177465,19
2021,58360,19
2021,87280,19
2021,114097,19
2021,123537,19
2021,1177589,19
2021,1261584,19
2021,1521925,19
2021,1131979,19
2021,1137223,19
2021,60040,19
2021,1268023,19
2021,89380,19
2021,1001938,19
2021,1457379,19
2021,119964,19
2021,111090,19
2021,59412,19
2021,113829,19
2021,1204643,19
2021,103338,19
2021,1327343,19
2021,1001938,19
2021,5000456,19
2021,58360,19
2021,1454405,19
2021,123677,19
2021,68773,19
2021,1286800,19
2021,1404804,19
2021,1429880,19
2021,1150302,19
2021,1156021,19
2021,123677,19
2021,1158385,19
2021,1001938,19
2021,15862,19
2021,15207,19
2021,1180789,19
2021,49586,19
2021,65955,19
2021,114401,19
2021,1001938,19
2021,6568,19
2021,5000457,19
2021,60040,19
2021,1427577,19
2021,123578,19
2021,1388165,19
2021,1298977,19
2021,76937,19
2021,1497553,19
2021,1399304,19
2021,1260026,19
2021,1265877,19
2021,5000448,19
2021,5000457,19
2021,1001938,19
2021,123545,19
2021,52007,19
2021,47798,19
2021,1286800,19
2021,100305,19
2021,123526,19
2021,1485428,19
2021,1118107,19
2021,1286800,19
2021,75288,19
2021,1322633,19
2021,89380,19
2021,1001938,19
2021,1258848,19
2021,76561,19
2021,1286531,19
2021,120976,19
2021,76851,19
2021,20699,19
2021,114097,19
2021,20699,19
2021,1485428,19
2021,1485386,19
2021,20699,19
2021,1315444,19
2021,19534,19
2021,89380,19
2021,89380,19
2021,1258844,19
2021,1131979,19
2021,1131979,19
2021,123523,19
2021,89380,19
2021,1001938,19
2021,114097,19
2021,1180789,19
2021,51397,19
2021,103950,19
2021,1286800,19
2021,123526,19
2021,123526,19
2021,1180799,19
2021,106996,19
2021,70492,19
2021,37291,19
2021,1001938,19
2021,1485386,19
2021,1180799,19
2021,100305,19
2021,100305,19
2021,67380,19
2021,5001328,19
2021,116390,19
2021,58360,19
2021,1402587,19
2021,5000456,19
2021,115664,19
2021,89380,19
2021,1204643,19
2021,77098,19
2021,1180799,19
2021,19534,19
2021,100305,19
2021,1210192,19
2021,1286800,19
2021,1121456,19
2021,1204643,19
2021,113829,19
2021,100305,19
2021,81328,19
2021,1186955,19
2021,58360,19
2021,1468267,19
2021,1386426,19
2021,89380,19
2021,1210130,19
2021,65687,19
2021,1457379,19
2021,1268566,19
2021,59993,19
2021,1420136,19
2021,1258528,19
2021,113829,19
2021,89380,19
2021,123549,19
2021,5000456,19
2021,1210193,19
2021,5000456,19
2021,1150328,19
2021,20525,19
2021,1131979,19
2021,71514,19
2021,1131979,19
2021,52007,19
2021,106684,19
2021,1149897,19
2021,1348195,19
2021,1427577,19
2021,94994,19
2021,113829,19
2021,123545,19
2021,5001328,19
2021,89380,19
2021,1160946,19
2021,1131979,19
2021,87280,19
2021,1442869,19
2021,89380,19
2021,71514,19
2021,100305,19
2021,38807,19
2021,21760,19
2021,39076,19
2021,21760,19
2021,52007,19
2021,1131979,19
2021,89380,19
2021,20699,19
2021,1112324,19
2021,1286800,19
2021,1348195,19
2021,1177465,19
2021,1001938,19
2021,113829,19
2021,58360,19
2021,1180799,19
2021,1286800,19
2021,87280,19
2021,1131979,19
2021,122866,19
2021,103338,19
2021,9726,19
2021,5000454,19
2021,120172,19
2021,1286800,19
2021,71514,19
2021,1150467,19
2021,65740,19
2021,71514,19
2021,1314139,19
2021,1322330,19
2021,1161613,19
2021,1177589,19
2021,113829,19
2021,70036,19
2021,1055334,19
2021,1180796,19
2021,71514,19
2021,20699,19
2021,1443997,19
2021,102869,19
2021,1420648,19
2021,6584,19
2021,1210192,19
2021,1160946,19
2021,1177853,19
2021,71514,19
2021,59993,19
2021,107383,19
2021,1001938,19
2021,100305,19
2021,1258528,19
2021,1364323,19
2021,113829,19
2021,1257521,19
2021,5000454,19
2021,1210193,19
2021,120172,19
2021,1258704,19
2021,1155933,19
2021,39076,19
2021,1268566,19
2021,1348195,19
2021,1205714,19
2021,62458,19
2021,71514,19
2021,114097,19
2021,1258848,19
2021,48895,19
2021,100305,19
2021,17671,19
2021,1210193,19
2021,1257521,19
2021,1487493,19
2021,1522383,19
2021,1204643,19
2021,77098,19
2021,1180799,19
2021,1427323,19
2021,6566,19
2021,123526,19
2021,100734,19
2021,59988,19
2021,1204643,19
2021,1298977,19
2021,5000456,19
2021,87280,19
2021,81640,19
2021,70488,19
2021,1322609,19
2021,11243,19
2021,5000015,19
2021,64854,19
2021,99820,19
2021,123549,19
2021,60266,19
2021,100305,19
2021,20699,19
2021,1258538,19
2021,72377,19
2021,1382777,19
2021,100305,19
2021,1204643,19
2021,1420136,19
2021,123677,19
2021,1001938,19
2021,123530,19
2021,1210192,19
2021,1180796,19
2021,76373,19
2021,48968,19
2021,1330710,19
2021,89380,19
2021,1205714,19
2021,1388165,19
2021,89380,19
2021,100305,19
2021,52007,19
2021,1188348,19
2021,1382777,19
2021,107380,19
2021,89380,19
2021,109476,19
2021,89380,19
2021,19204,19
2021,114346,19
2021,107836,19
2021,123549,19
2021,1116091,19
2021,1214121,19
2021,1485428,19
2021,96655,19
2021,97346,19
2021,1001938,19
2021,1132278,19
2021,18387,19
2021,18694,19
2021,35172,19
2021,5000454,19
2021,72259,19
2021,1322330,19
2021,123523,19
2021,1180796,19
2021,59972,19
2021,72377,19
2021,1160946,19
2021,1258848,19
2021,52007,19
2021,100305,19
2021,63726,19
2021,89380,19
2021,1180799,19
2021,1333186,19
2021,1204643,19
2021,1363505,19
2021,1286800,19
2021,100305,19
2021,42571,19
2021,114097,19
2021,1260286,19
2021,89380,19
2021,114097,19
2021,1474142,19
2021,48895,19
2021,66597,19
2021,1258528,19
2021,59993,19
2021,1261584,19
2021,1485386,19
2021,1112324,19
2021,67380,19
2021,10162,19
2021,59993,19
2021,77098,19
2021,59977,19
2021,96885,19
2021,1204643,19
2021,1131979,19
2021,1180796,19
2021,5000454,19
2021,1180796,19
2021,1186955,19
2021,1180799,19
2021,115246,19
2021,1180799,19
2021,1257511,19
2021,1001938,19
2021,75288,19
2021,59993,19
2021,74649,19
2021,89380,19
2021,48895,19
2021,1382777,19
2021,89380,19
2021,1284534,19
2021,59993,19
2021,98301,19
2021,115664,19
2021,102869,19
2021,76554,19
2021,83702,19
2021,1404068,19
2021,59596,19
2021,5492,19
2021,1399018,19
2021,52007,19
2021,8583,19
2021,113829,19
2021,1177465,19
2021,1001938,19
2021,1205437,19
2021,1308132,19
2021,96885,19
2021,1427574,19
2021,102869,19
2021,1337241,19
2021,89380,19
2021,89380,19
2021,89380,19
2021,38807,19
2021,1286489,19
2021,100305,19
2021,97243,19
2021,70051,19
2021,1076195,19
2021,100305,19
2021,1001938,19
2021,1429880,19
2021,4729,19
2021,60266,19
2021,105052,19
2021,1279604,19
2021,58360,19
2021,60040,19
2021,77098,19
2021,37291,19
2021,70488,19
2021,100305,19
2021,89380,19
2021,87280,19
2021,1427574,19
2021,18346,19
2021,98126,19
2021,98301,19
2021,89380,19
2021,1348195,19
2021,59989,19
2021,1306249,19
2021,1058390,19
2021,76851,19
2021,76313,19
2021,73398,19
2021,1107278,19
2021,1314234,19
2021,76851,19
2021,97882,19
2021,52007,19
2021,4865,19
2021,72259,19
2021,89380,19
2021,58360,19
2021,58360,19
2021,70492,19
2021,1187614,19
2021,59412,19
2021,58360,19
2021,77134,19
2021,1258704,19
2021,1155961,19
2021,89380,19
2021,3848,19
2021,1285868,19
2021,22238,19
2021,99501,19
2021,123549,19
2021,37291,19
2021,105403,19
2021,1001938,19
2021,1127035,19
2021,1420136,19
2021,1405575,19
2021,1322317,19
2021,1257521,19
2021,63726,19
2021,1452641,19
2021,102280,19
2021,69891,19
2021,1209155,19
2021,1210193,19
2021,1206201,19
2021,7409,19
2021,92740,19
2021,123803,19
2021,1521925,19
2021,1388165,19
2021,89380,19
2021,59993,19
2021,123677,19
2021,5000454,19
2021,48968,19
2021,5000352,19
2021,122124,19
2021,5000385,19
2021,89380,19
2021,1205714,19
2021,59972,19
2021,5950,19
2021,89380,19
2021,51987,19
2021,98301,19
2021,1206201,19
2021,1150467,19
2021,1306249,19
2021,59993,19
2021,103569,19
2021,62638,19
2021,1106261,19
2021,1106261,19
2021,19204,19
2021,105992,19
2021,123472,19
2021,1260543,19
2021,1260543,19
2021,121131,19
2021,115882,19
2021,115882,19
2021,97346,19
2021,1001938,19
2021,1001938,19
2021,58360,19
2021,58360,19
2021,58360,19
2021,1204643,19
2021,1204643,19
2021,1321321,19
2021,1389351,19
2021,1160973,19
2021,114097,19
2021,12023,19
2021,113829,19
2021,123523,19
2021,1160946,19
2021,1258848,19
2021,5000448,19
2021,114178,19
2021,123539,19
2021,76937,19
2021,1304680,19
2021,123545,19
2021,123549,19
2021,123549,19
2021,123549,19
2021,123549,19
2021,1258844,19
2021,75288,19
2021,77098,19
2021,77098,19
2021,123537,19
2021,123537,19
2021,123537,19
2021,1155933,19
2021,1155933,19
2021,1155933,19
2021,67380,19
2021,1180799,19
2021,1180799,19
2021,1180799,19
2021,76851,19
2021,76851,19
2021,76851,19
2021,1321321,19
2021,1321321,19
2021,75182,19
2021,94307,19
2021,1257511,19
2021,19541,19
2021,1364620,19
2021,1517024,19
2021,1299253,19
2021,1119473,19
2021,1119473,19
2021,18271,19
2021,1190047,19
2021,1131979,19
2021,1131979,19
2021,1131979,19
2021,1073316,19
2021,1073316,19
2021,100309,19
2021,1389351,19
2021,1457379,19
2021,60040,19
2021,99230,19
2021,1119382,19
2021,1205876,19
2021,1205876,19
2021,112984,19
2021,1286560,19
2021,52007,19
2021,52007,19
2021,1497553,19
2021,21105,19
2021,1258538,19
2021,86782,19
2021,1214120,19
2021,1214120,19
2021,1286531,19
2021,1258541,19
2021,1258541,19
2021,1525885,19
2021,1268512,19
2021,4092,19
2021,17380,19
2021,4092,19
2021,4092,19
2021,4092,19
2021,48895,19
2021,1382607,19
2021,1474142,19
2021,21295,19
2021,1295073,19
2021,1286800,19
2021,1286800,19
2021,1286800,19
2021,1286800,19
2021,1286800,19
2021,1286800,19
2021,1286800,19
2021,1429882,19
2021,110172,19
2021,5001328,19
2021,100305,19
2021,100305,19
2021,100305,19
2021,100305,19
2021,100305,19
2021,100305,19
2021,107836,19
2021,1388165,19
2021,1106470,19
2021,1106470,19
2021,1259052,19
2021,1106470,19
2021,47976,19
2021,8583,19
2021,1258369,19
2021,1150328,19
2021,102280,19
2021,21892,19
2021,1388279,19
2021,1388279,19
2021,12025,19
2021,1104698,19
2021,1152592,19
2021,38246,19
2021,38246,19
2021,113052,19
2021,1496476,19
2021,79430,19
2021,1258844,19
2021,107549,19
2021,15868,19
2021,1285865,19
2021,81328,19
2021,81328,19
2021,1042112,19
2021,85806,19
2021,104721,19
2021,97780,19
2021,111090,19
2021,75288,19
2021,114178,19
2021,1285818,19
2021,123523,19
2021,1452642,19
2021,1452642,19
2021,1452642,19
2021,1452642,19
2021,1452642,19
2021,1452642,19
2021,1452642,19
2021,1452642,19
2021,1315060,19
2021,123549,19
2021,1177465,19
2021,1177465,19
2021,102280,19
2021,1180796,19
2021,100309,19
2021,87280,19
2021,118368,19
2021,1286531,19
2021,1313223,19
2021,58741,19
2021,100305,19
2021,100305,19
2021,1258538,19
2021,1214121,19
2021,1113011,19
2021,1205895,19
2021,115692,19
2021,1113011,19
2021,1454405,19
2021,1279057,19
2021,110000,19
2021,110000,19
2021,82894,19
2021,1427316,19
2021,1427316,19
2021,1427323,19
2021,1348195,19
2021,107383,19
2021,112052,19
2021,105158,19
2021,105158,19
2021,1279605,19
2021,1300006,19
2021,1327343,19
2021,1204036,19
2021,1135071,19
2021,1481976,19
2021,103338,19
2021,74174,19
2021,1144540,19
2021,89380,19
2021,113829,19
2021,113829,19
2021,89380,19
2021,89380,19
2021,89380,19
2021,89380,19
2021,95037,19
2021,95037,19
2021,89380,19
2021,89380,19
2021,89380,19
2021,80232,20
2021,21714,20
2021,1286800,20
2021,55542,20
2021,59333,20
2021,18603,20
2021,123541,20
2021,1258538,20
2021,41798,20
2021,1286800,20
2021,1404804,20
2021,123523,20
2021,19534,20
2021,100305,20
2021,1181233,20
2021,114097,20
2021,97739,20
2021,1205876,20
2021,89380,20
2021,76373,20
2021,1194058,20
2021,112052,20
2021,1286560,20
2021,1150328,20
2021,1170053,20
2021,112052,20
2021,60012,20
2021,111090,20
2021,71514,20
2021,89380,20
2021,70492,20
2021,123526,20
2021,75182,20
2021,1214120,20
2021,103338,20
2021,98892,20
2021,76561,20
2021,49979,20
2021,1266797,20
2021,72377,20
2021,1058390,20
2021,1285545,20
2021,1180799,20
2021,1327343,20
2021,123541,20
2021,1279057,20
2021,67380,20
2021,110172,20
2021,1268566,20
2021,19984,20
2021,1210193,20
2021,76851,20
2021,107619,20
2021,1441079,20
2021,105158,20
2021,69832,20
2021,86782,20
2021,111090,20
2021,97346,20
2021,1258541,20
2021,103257,20
2021,46911,20
2021,7944,20
2021,89380,20
2021,100309,20
2021,5001328,20
2021,1183690,20
2021,89380,20
2021,65740,20
2021,115904,20
2021,1298977,20
2021,5000456,20
2021,100305,20
2021,1513690,20
2021,113025,20
2021,1116091,20
2021,95295,20
2021,89380,20
2021,89380,20
2021,89380,20
2021,89380,20
2021,1331810,20
2021,87280,20
2021,1442869,20
2021,89380,20
2021,1328954,20
2021,1286800,20
2021,1286800,20
2021,18284,20
2021,114097,20
2021,123539,20
2021,100305,20
2021,87280,20
2021,1140708,20
2021,1298977,20
2021,114178,20
2021,1258528,20
2021,1303431,20
2021,89380,20
2021,65687,20
2021,123545,20
2021,1279605,20
2021,89380,20
2021,71514,20
2021,7142,20
2021,116390,20
2021,103569,20
2021,123549,20
2021,65890,20
2021,65740,20
2021,1156711,20
2021,72065,20
2021,123526,20
2021,1155961,20
2021,1191569,20
2021,1298977,20
2021,76851,20
2021,1286489,20
2021,1149689,20
2021,1160973,20
2021,123549,20
2021,1155933,20
2021,100305,20
2021,1293114,20
2021,1127932,20
2021,1368761,20
2021,7292,20
2021,1132259,20
2021,19823,20
2021,37295,20
2021,1457365,20
2021,75347,20
2021,1183559,20
2021,1386483,20
2021,1150259,20
2021,1119473,20
2021,59272,20
2021,100305,20
2021,99720,20
2021,87280,20
2021,31221,20
2021,19944,20
2021,52007,20
2021,58180,20
2021,5001328,20
2021,1483400,20
2021,1399304,20
2021,66272,20
2021,89380,20
2021,123537,20
2021,75198,20
2021,1131979,20
2021,100305,20
2021,89380,20
2021,21484,20
2021,1364620,20
2021,100305,20
2021,100305,20
2021,1100858,20
2021,74416,20
2021,111090,20
2021,111090,20
2021,87280,20
2021,95123,20
2021,123526,20
2021,1268237,20
2021,19984,20
2021,35172,20
2021,1323837,20
2021,97057,20
2021,1404126,20
2021,72377,20
2021,114178,20
2021,60040,20
2021,1284622,20
2021,84427,20
2021,19204,20
2021,5000448,20
2021,75288,20
2021,1206001,20
2021,100305,20
2021,1484075,20
2021,116110,20
2021,3497,20
2021,1441732,20
2021,111090,20
2021,1186955,20
2021,89380,20
2021,20699,20
2021,123803,20
2021,100305,20
2021,111980,20
2021,5000456,20
2021,105178,20
2021,100309,20
2021,1266797,20
2021,37293,20
2021,1258526,20
2021,102176,20
2021,68419,20
2021,113829,20
2021,6568,20
2021,76507,20
2021,37295,20
2021,100305,20
2021,1268536,20
2021,97780,20
2021,98892,20
2021,89380,20
2021,1180799,20
2021,62458,20
2021,1330218,20
2021,1427695,20
2021,59993,20
2021,91017,20
2021,100305,20
2021,100716,20
2021,87280,20
2021,113025,20
2021,89380,20
2021,1206012,20
2021,65955,20
2021,1441732,20
2021,1177484,20
2021,105644,20
2021,1458241,20
2021,1420173,20
2021,117504,20
2021,1194058,20
2021,113829,20
2021,89380,20
2021,1257521,20
2021,1155961,20
2021,1293114,20
2021,1151691,20
2021,102280,20
2021,5001328,20
2021,1155961,20
2021,87280,20
2021,102176,20
2021,112056,20
2021,89380,20
2021,19534,20
2021,1286800,20
2021,100305,20
2021,1259052,20
2021,37291,20
2021,1292863,20
2021,71002,20
2021,113469,20
2021,1260026,20
2021,1155950,20
2021,1170053,20
2021,106996,20
2021,1300284,20
2021,5841,20
2021,112572,20
2021,96655,20
2021,52139,20
2021,103209,20
2021,80437,20
2021,65890,20
2021,1292751,20
2021,66513,20
2021,1203177,20
2021,102176,20
2021,72331,20
2021,1315315,20
2021,1131979,20
2021,1170053,20
2021,100305,20
2021,95295,20
2021,89380,20
2021,89380,20
2021,18694,20
2021,37295,20
2021,1188850,20
2021,1268023,20
2021,89380,20
2021,20041,20
2021,1119473,20
2021,111884,20
2021,81817,20
2021,55542,20
2021,5000350,20
2021,106678,20
2021,100305,20
2021,1110366,20
2021,58360,20
2021,102869,20
2021,114097,20
2021,123537,20
2021,1119473,20
2021,100305,20
2021,19548,20
2021,100305,20
2021,123545,20
2021,59412,20
2021,1348195,20
2021,1521874,20
2021,123539,20
2021,77098,20
2021,1155933,20
2021,103338,20
2021,1458241,20
2021,50247,20
2021,1313186,20
2021,1268023,20
2021,97986,20
2021,87280,20
2021,1191654,20
2021,89380,20
2021,123526,20
2021,114178,20
2021,123549,20
2021,1155933,20
2021,5001328,20
2021,100305,20
2021,100305,20
2021,46112,20
2021,85343,20
2021,111090,20
2021,1150438,20
2021,1315315,20
2021,89380,20
2021,89380,20
2021,5000454,20
2021,70488,20
2021,1156021,20
2021,75288,20
2021,118782,20
2021,89380,20
2021,89380,20
2021,89380,20
2021,113619,20
2021,1386483,20
2021,98892,20
2021,100305,20
2021,105158,20
2021,1521925,20
2021,1286800,20
2021,5001328,20
2021,100305,20
2021,100305,20
2021,1160932,20
2021,65740,20
2021,89380,20
2021,1001938,20
2021,18277,20
2021,100305,20
2021,100305,20
2021,102280,20
2021,1137926,20
2021,89380,20
2021,89380,20
2021,79377,20
2021,1298977,20
2021,123537,20
2021,65878,20
2021,64900,20
2021,1149624,20
2021,111090,20
2021,1314212,20
2021,87280,20
2021,89380,20
2021,114178,20
2021,59988,20
2021,100305,20
2021,1258848,20
2021,103338,20
2021,1188348,20
2021,89380,20
2021,1121953,20
2021,111270,20
2021,1286800,20
2021,95295,20
2021,305481,20
2021,89380,20
2021,20309,20
2021,1308132,20
2021,95295,20
2021,1265877,20
2021,114178,20
2021,5000456,20
2021,1521879,20
2021,123549,20
2021,1119473,20
2021,5001328,20
2021,100305,20
2021,1445201,20
2021,1292570,20
2021,55542,20
2021,55542,20
2021,97739,20
2021,87280,20
2021,80330,20
2021,1348195,20
2021,1205876,20
2021,89380,20
2021,115882,20
2021,123526,20
2021,10162,20
2021,1300122,20
2021,1419856,20
2021,80542,20
2021,1326482,20
2021,89380,20
2021,89380,20
2021,5000454,20
2021,20525,20
2021,113829,20
2021,76937,20
2021,75203,20
2021,100305,20
2021,100305,20
2021,100305,20
2021,100305,20
2021,18284,20
2021,1177389,20
2021,103338,20
2021,1431918,20
2021,1152201,20
2021,89380,20
2021,1001938,20
2021,102869,20
2021,5000456,20
2021,1156021,20
2021,77098,20
2021,1175920,20
2021,1485428,20
2021,1485428,20
2021,112292,20
2021,1313263,20
2021,1108861,20
2021,99765,20
2021,1121456,20
2021,102176,20
2021,103257,20
2021,89380,20
2021,89380,20
2021,89380,20
2021,89380,20
2021,89380,20
2021,114097,20
2021,7304,20
2021,65675,20
2021,18694,20
2021,305838,20
2021,4865,20
2021,4865,20
2021,19830,20
2021,1128939,20
2021,1286528,20
2021,1268023,20
2021,95145,20
2021,1155933,20
2021,1155950,20
2021,97057,20
2021,100305,20
2021,1181231,20
2021,111090,20
2021,87280,20
2021,89476,20
2021,66272,20
2021,89380,20
2021,103338,20
2021,112929,20
2021,58180,20
2021,1177589,20
2021,100305,20
2021,89143,20
2021,111090,20
2021,1374069,20
2021,1194058,20
2021,66272,20
2021,1206201,20
2021,89380,20
2021,19204,20
2021,101428,20
2021,58360,20
2021,1292751,20
2021,57630,20
2021,5485,20
2021,79430,20
2021,87280,20
2021,112052,20
2021,43086,20
2021,1160973,20
2021,1180605,20
2021,5000457,20
2021,1363702,20
2021,1286800,20
2021,58180,20
2021,100305,20
2021,100542,20
2021,70488,20
2021,1315315,20
2021,59993,20
2021,1427577,20
2021,1382607,20
2021,58180,20
2021,111982,20
2021,100305,20
2021,1293114,20
2021,55542,20
2021,55569,20
2021,1268023,20
2021,100305,20
2021,113025,20
2021,1279551,20
2021,89380,20
2021,89380,20
2021,89380,20
2021,89380,20
2021,1364620,20
2021,100305,20
2021,1149897,20
2021,1156711,20
2021,1268023,20
2021,111090,20
2021,111090,20
2021,123541,20
2021,70488,20
2021,1315315,20
2021,76951,20
2021,76313,20
2021,18271,20
2021,1212462,20
2021,1458241,20
2021,62584,20
2021,116390,20
2021,1279547,20
2021,1303431,20
2021,89380,20
2021,18603,20
2021,5000457,20
2021,1203328,20
2021,18349,20
2021,1429915,20
2021,6993,20
2021,89380,20
2021,1180799,20
2021,1314234,20
2021,1454405,20
2021,98622,20
2021,87148,20
2021,95175,20
2021,89379,20
2021,87280,20
2021,103257,20
2021,1279547,20
2021,89380,20
2021,89380,20
2021,89380,20
2021,95295,20
2021,1177853,20
2021,67380,20
2021,1521925,20
2021,100305,20
2021,1137223,20
2021,75359,20
2021,1466433,20
2021,98892,20
2021,1194058,20
2021,1119473,20
2021,1182977,20
2021,89380,20
2021,113829,20
2021,5000456,20
2021,1268237,20
2021,71514,20
2021,100309,20
2021,1261598,20
2021,37295,20
2021,308589,20
2021,1258528,20
2021,111090,20
2021,1389351,20
2021,1258848,20
2021,69825,20
2021,87280,20
2021,5000141,20
2021,8583,20
2021,114097,20
2021,112292,20
2021,65955,20
2021,58928,20
2021,1417706,20
2021,89380,20
2021,89380,20
2021,1258848,20
2021,18603,20
2021,1342409,20
2021,100305,20
2021,100305,20
2021,107380,20
2021,107383,20
2021,72377,20
2021,105158,20
2021,1279604,20
2021,1144777,20
2021,89380,20
2021,89380,20
2021,122596,20
2021,1260026,20
2021,123541,20
2021,113829,20
2021,123526,20
2021,1180605,20
2021,123539,20
2021,1177465,20
2021,72379,20
2021,89380,20
2021,89380,20
2021,89380,20
2021,89380,20
2021,85424,20
2021,14831,20
2021,19204,20
2021,63062,20
2021,1140708,20
2021,1348195,20
2021,1058390,20
2021,67380,20
2021,80232,20
2021,69764,20
2021,5001328,20
2021,100305,20
2021,1150486,20
2021,111090,20
2021,114401,20
2021,89380,20
2021,80910,20
2021,1404804,20
2021,64900,20
2021,100305,20
2021,18284,20
2021,1350088,20
2021,21777,20
2021,1142424,20
2021,87280,20
2021,1258848,20
2021,86282,20
2021,123523,20
2021,100305,20
2021,1299627,20
2021,123541,20
2021,1315315,20
2021,123526,20
2021,1521874,20
2021,123539,20
2021,1268237,20
2021,1206001,20
2021,5000457,20
2021,1364620,20
2021,28184,20
2021,1286800,20
2021,1286800,20
2021,1170053,20
2021,100305,20
2021,100305,20
2021,1144777,20
2021,1315315,20
2021,97739,20
2021,19641,20
2021,80542,20
2021,1427316,20
2021,107380,20
2021,103259,20
2021,1315315,20
2021,114178,20
2021,123549,20
2021,103338,20
2021,80232,20
2021,1363508,20
2021,19823,20
2021,100305,20
2021,1207269,20
2021,111090,20
2021,19910,20
2021,87280,20
2021,89380,20
2021,113030,20
2021,1155933,20
2021,60022,20
2021,49979,20
2021,1296649,20
2021,21446,20
2021,1268023,20
2021,1190159,20
2021,111090,20
2021,1315060,20
2021,87280,20
2021,89380,20
2021,1204643,20
2021,1315315,20
2021,20699,20
2021,1286800,20
2021,1382884,20
2021,1110052,20
2021,88728,20
2021,1153960,20
2021,1523189,20
2021,1109043,20
2021,111090,20
2021,1258541,20
2021,1348195,20
2021,58360,20
2021,18603,20
2021,1349140,20
2021,1286800,20
2021,58180,20
2021,1268566,20
2021,55542,20
2021,69212,20
2021,87280,20
2021,1285865,20
2021,103338,20
2021,89380,20
2021,89380,20
2021,1210192,20
2021,102869,20
2021,114097,20
2021,1258528,20
2021,66513,20
2021,18840,20
2021,100305,20
2021,100305,20
2021,1156711,20
2021,97939,20
2021,1167288,20
2021,113025,20
2021,1128377,20
2021,1055334,20
2021,89380,20
2021,89380,20
2021,5000454,20
2021,1155933,20
2021,52007,20
2021,111982,20
2021,5001328,20
2021,96655,20
2021,318468,20
2021,22238,20
2021,123526,20
2021,5000456,20
2021,5000456,20
2021,77098,20
2021,1332666,20
2021,20030,20
2021,85146,20
2021,1349715,20
2021,115013,20
2021,114097,20
2021,1155933,20
2021,1180799,20
2021,71514,20
2021,21105,20
2021,1268545,20
2021,96655,20
2021,104721,20
2021,1298977,20
2021,123545,20
2021,1155933,20
2021,1285215,20
2021,37305,20
2021,47325,20
2021,111982,20
2021,100305,20
2021,114912,20
2021,72377,20
2021,89380,20
2021,113829,20
2021,1268237,20
2021,309728,20
2021,100305,20
2021,102280,20
2021,87280,20
2021,89380,20
2021,115882,20
2021,70492,20
2021,1419631,20
2021,100305,20
2021,1153690,20
2021,37777,20
2021,114178,20
2021,1304818,20
2021,113025,20
2021,113030,20
2021,113829,20
2021,70488,20
2021,1180605,20
2021,38807,20
2021,1363702,20
2021,1119473,20
2021,1199657,20
2021,37305,20
2021,101506,20
2021,1258538,20
2021,100305,20
2021,111090,20
2021,1159447,20
2021,5001459,20
2021,1107664,20
2021,89380,20
2021,1315315,20
2021,114097,20
2021,73368,20
2021,60022,20
2021,90367,20
2021,5001328,20
2021,85760,20
2021,1153690,20
2021,1150328,20
2021,111090,20
2021,1194058,20
2021,1151687,20
2021,103257,20
2021,89380,20
2021,89380,20
2021,120976,20
2021,67643,20
2021,70492,20
2021,1485428,20
2021,34704,20
2021,1286800,20
2021,100305,20
2021,1268023,20
2021,1452641,20
2021,87280,20
2021,1194058,20
2021,1206201,20
2021,70492,20
2021,70492,20
2021,114178,20
2021,75288,20
2021,29331,20
2021,111986,20
2021,97780,20
2021,1177589,20
2021,1166239,20
2021,94994,20
2021,1332952,20
2021,87280,20
2021,87280,20
2021,19234,20
2021,112056,20
2021,1258528,20
2021,89380,20
2021,89380,20
2021,4217,20
2021,123526,20
2021,123539,20
2021,22586,20
2021,5001328,20
2021,1286528,20
2021,111090,20
2021,102176,20
2021,1364322,20
2021,1146775,20
2021,115882,20
2021,106678,20
2021,1134422,20
2021,70492,20
2021,1180799,20
2021,1268023,20
2021,1258528,20
2021,81328,20
2021,73580,20
2021,80542,20
2021,1279604,20
2021,89380,20
2021,66671,20
2021,1292751,20
2021,1168052,20
2021,97780,20
2021,102029,20
2021,1327343,20
2021,1206201,20
2021,103569,20
2021,113030,20
2021,79377,20
2021,20525,20
2021,1308132,20
2021,114178,20
2021,1155933,20
2021,71514,20
2021,76494,20
2021,1299253,20
2021,18603,20
2021,1353083,20
2021,1170053,20
2021,62584,20
2021,102280,20
2021,80810,20
2021,98892,20
2021,87280,20
2021,1485428,20
2021,52007,20
2021,112052,20
2021,1258528,20
2021,89380,20
2021,1186003,20
2021,1168577,20
2021,1304818,20
2021,90367,20
2021,35172,20
2021,19047,20
2021,102280,20
2021,1292695,20
2021,111090,20
2021,102176,20
2021,72377,20
2021,105158,20
2021,1327343,20
2021,1279527,20
2021,89380,20
2021,43086,20
2021,5000456,20
2021,1155933,20
2021,1175920,20
2021,1363702,20
2021,1295073,20
2021,100305,20
2021,1441079,20
2021,1186931,20
2021,117968,20
2021,103338,20
2021,1404376,20
2021,102176,20
2021,1279605,20
2021,89380,20
2021,101428,20
2021,70492,20
2021,1402587,20
2021,1268163,20
2021,417432,20
2021,1293114,20
2021,1365654,20
2021,74340,20
2021,107383,20
2021,1135072,20
2021,89380,20
2021,89380,20
2021,1257521,20
2021,113829,20
2021,65890,20
2021,60040,20
2021,1205876,20
2021,1258538,20
2021,1113972,20
2021,37295,20
2021,100305,20
2021,100305,20
2021,100305,20
2021,1043904,20
2021,1285124,20
2021,98301,20
2021,1153884,20
2021,120771,20
2021,85806,20
2021,111090,20
2021,98892,20
2021,87280,20
2021,87280,20
2021,87280,20
2021,1194058,20
2021,100305,20
2021,113025,20
2021,89380,20
2021,89380,20
2021,89380,20
2021,70488,20
2021,102869,20
2021,18346,20
2021,67380,20
2021,71514,20
2021,57630,20
2021,1143464,20
2021,1382607,20
2021,1286800,20
2021,18233,20
2021,5001328,20
2021,100305,20
2021,100305,20
2021,100305,20
2021,1284614,20
2021,87280,20
2021,1194058,20
2021,1330539,20
2021,89380,20
2021,89380,20
2021,5000454,20
2021,123523,20
2021,1521925,20
2021,100305,20
2021,95295,20
2021,87280,20
2021,1170053,20
2021,102176,20
2021,102176,20
2021,89380,20
2021,97346,20
2021,18603,20
2021,1521925,20
2021,48895,20
2021,18491,20
2021,100305,20
2021,100305,20
2021,15861,20
2021,103038,20
2021,104721,20
2021,87280,20
2021,87280,20
2021,1194058,20
2021,1170053,20
2021,72377,20
2021,72377,20
2021,89380,20
2021,89380,20
2021,66671,20
2021,79377,20
2021,1389351,20
2021,62458,20
2021,60266,20
2021,5000884,20
2021,10462,20
2021,58180,20
2021,5001328,20
2021,100305,20
2021,100305,20
2021,113126,20
2021,1140708,20
2021,1156711,20
2021,1455073,20
2021,1190061,20
2021,1332852,20
2021,98892,20
2021,87280,20
2021,1151555,20
2021,18933,20
2021,1389351,20
2021,58360,20
2021,38863,20
2021,1205876,20
2021,21875,20
2021,1286800,20
2021,100305,20
2021,100305,20
2021,1427694,20
2021,96655,20
2021,111090,20
2021,98892,20
2021,87280,20
2021,89380,20
2021,113090,20
2021,1150328,20
2021,123549,20
2021,1206001,20
2021,53333,20
2021,1214120,20
2021,66597,20
2021,42502,20
2021,100305,20
2021,7190,20
2021,97939,20
2021,96655,20
2021,89476,20
2021,102176,20
2021,89380,20
2021,89380,20
2021,3497,20
2021,1204643,20
2021,1258528,20
2021,123537,20
2021,1155933,20
2021,100309,20
2021,1399169,20
2021,10162,20
2021,1266766,20
2021,1466043,20
2021,1286800,20
2021,1399133,20
2021,100305,20
2021,37291,20
2021,1293114,20
2021,1151692,20
2021,1203561,20
2021,111090,20
2021,98892,20
2021,1261824,20
2021,850,20
2021,72377,20
2021,103257,20
2021,89380,20
2021,1001938,20
2021,1204842,20
2021,69095,20
2021,109893,20
2021,1286800,20
2021,1286800,20
2021,75768,20
2021,5001328,20
2021,111090,20
2021,1330719,20
2021,1315060,20
2021,87280,20
2021,87280,20
2021,112052,20
2021,89380,20
2021,89380,20
2021,43086,20
2021,1150328,20
2021,1304730,20
2021,94758,20
2021,123523,20
2021,1153739,20
2021,107062,20
2021,1113852,20
2021,5001328,20
2021,100305,20
2021,100305,20
2021,70492,20
2021,1178271,20
2021,1513690,20
2021,57422,20
2021,87280,20
2021,87280,20
2021,107383,20
2021,72377,20
2021,105158,20
2021,1330539,20
2021,70492,20
2021,1185526,20
2021,1363702,20
2021,100305,20
2021,100305,20
2021,1382884,20
2021,1293114,20
2021,1258343,20
2021,1134850,20
2021,102176,20
2021,72377,20
2021,89380,20
2021,89380,20
2021,89380,20
2021,89380,20
2021,1204643,20
2021,1180605,20
2021,1180796,20
2021,103338,20
2021,69832,20
2021,1382607,20
2021,1442114,20
2021,1286800,20
2021,100305,20
2021,100305,20
2021,94994,20
2021,1402587,20
2021,98892,20
2021,19234,20
2021,102176,20
2021,89380,20
2021,89380,20
2021,102280,20
2021,89380,20
2021,69891,20
2021,69095,20
2021,7304,20
2021,77098,20
2021,120769,20
2021,65062,20
2021,51413,20
2021,1299253,20
2021,95115,20
2021,1143464,20
2021,109893,20
2021,37295,20
2021,1349491,20
2021,100305,20
2021,1152586,20
2021,1481775,20
2021,38246,20
2021,1279604,20
2021,1327343,20
2021,57066,20
2021,89380,20
2021,89380,20
2021,89380,20
2021,123545,20
2021,1155933,20
2021,6025,20
2021,310155,20
2021,64900,20
2021,1170053,20
2021,102176,20
2021,1279605,20
2021,89380,20
2021,89380,20
2021,120604,20
2021,45102,20
2021,113829,20
2021,76507,20
2021,48834,20
2021,1266797,20
2021,90414,20
2021,17665,20
2021,1190159,20
2021,1279527,20
2021,89380,20
2021,89380,20
2021,89380,20
2021,103494,20
2021,85424,20
2021,6668,20
2021,1204842,20
2021,70492,20
2021,69095,20
2021,100309,20
2021,111344,20
2021,1333186,20
2021,1181235,20
2021,75203,20
2021,58180,20
2021,1170053,20
2021,100305,20
2021,1420648,20
2021,1156711,20
2021,103338,20
2021,111090,20
2021,100305,20
2021,1330539,20
2021,89380,20
2021,89380,20
2021,123530,20
2021,1156021,20
2021,1180799,20
2021,76373,20
2021,5000421,20
2021,20315,20
2021,112929,20
2021,47325,20
2021,100305,20
2021,100305,20
2021,98301,20
2021,94994,20
2021,1332852,20
2021,102176,20
2021,103338,20
2021,89380,20
2021,89380,20
2021,38863,20
2021,18603,20
2021,37295,20
2021,5001328,20
2021,100305,20
2021,100305,20
2021,94994,20
2021,1190061,20
2021,1258528,20
2021,1190159,20
2021,111090,20
2021,305223,20
2021,6159,20
2021,87280,20
2021,102176,20
2021,79377,20
2021,97346,20
2021,18603,20
2021,1160946,20
2021,1298977,20
2021,1363702,20
2021,1279057,20
2021,1286800,20
2021,5001328,20
2021,92157,20
2021,87280,20
2021,1194058,20
2021,112052,20
2021,1188375,20
2021,1265877,20
2021,70492,20
2021,74564,20
2021,67380,20
2021,65740,20
2021,69764,20
2021,59977,20
2021,1119473,20
2021,1155961,20
2021,98622,20
2021,100305,20
2021,1259134,20
2021,1452646,20
2021,114097,20
2021,19641,20
2021,1442869,20
2021,103257,20
2021,1135069,20
2021,89380,20
2021,89380,20
2021,89380,20
2021,89380,20
2021,89380,20
2021,89380,20
2021,43086,20
2021,5000454,20
2021,1257521,20
2021,47333,20
2021,80232,20
2021,19868,20
2021,8034,20
2021,1350088,20
2021,1150259,20
2021,89474,20
2021,89380,20
2021,89380,20
2021,21484,20
2021,114178,20
2021,1175920,20
2021,94994,20
2021,75203,20
2021,100305,20
2021,106996,20
2021,5000695,20
2021,1292570,20
2021,102280,20
2021,305481,20
2021,1268023,20
2021,45988,20
2021,111090,20
2021,1330539,20
2021,24498,20
2021,1481976,20
2021,89380,20
2021,89380,20
2021,122596,20
2021,1458085,20
2021,1131979,20
2021,100305,20
2021,96655,20
2021,1263050,20
2021,102280,20
2021,1261824,20
2021,1363508,20
2021,1119473,20
2021,89380,20
2021,89380,20
2021,102869,20
2021,114178,20
2021,123549,20
2021,1363702,20
2021,1205876,20
2021,1076195,20
2021,21489,20
2021,1140708,20
2021,1350088,20
2021,1292570,20
2021,94994,20
2021,102176,20
2021,72377,20
2021,1376259,20
2021,90703,20
2021,89380,20
2021,89380,20
2021,89380,20
2021,1204643,20
2021,1204842,20
2021,123537,20
2021,123537,20
2021,71514,20
2021,1131979,20
2021,1121953,20
2021,1086317,20
2021,5838,20
2021,122124,20
2021,100305,20
2021,1333652,20
2021,89380,20
2021,1001938,20
2021,102869,20
2021,1155933,20
2021,71514,20
2021,18694,20
2021,1333079,20
2021,65955,20
2021,8034,20
2021,65565,20
2021,1279057,20
2021,74649,20
2021,1170053,20
2021,5001328,20
2021,1388165,20
2021,1268536,20
2021,70492,20
2021,102869,20
2021,1292570,20
2021,75347,20
2021,100305,20
2021,87280,20
2021,1348195,20
2021,89380,20
2021,89380,20
2021,1125851,20
2021,91769,20
2021,1134422,20
2021,1350703,20
2021,1268237,20
2021,103338,20
2021,1386483,20
2021,1258538,20
2021,75203,20
2021,88778,20
2021,37777,20
2021,103038,20
2021,1261824,20
2021,87280,20
2021,1135069,20
2021,89380,20
2021,1134422,20
2021,114097,20
2021,7304,20
2021,103338,20
2021,103209,20
2021,1368761,20
2021,1485428,20
2021,102728,20
2021,1178769,20
2021,75203,20
2021,1404804,20
2021,88778,20
2021,1322423,20
2021,34749,20
2021,56158,20
2021,5000008,20
2021,1194058,20
2021,97315,20
2021,1258538,20
2021,105158,20
2021,1279605,20
2021,113829,20
2021,89380,20
2021,1304818,20
2021,8585,20
2021,123539,20
2021,62458,20
2021,61592,20
2021,59988,20
2021,52007,20
2021,101300,20
2021,100305,20
2021,96655,20
2021,1086317,20
2021,25864,20
2021,102280,20
2021,116390,20
2021,89380,20
2021,89380,20
2021,89380,20
2021,89380,20
2021,89380,20
2021,113469,20
2021,76313,20
2021,52007,20
2021,1266797,20
2021,1116091,20
2021,100305,20
2021,100305,20
2021,1313944,20
2021,103338,20
2021,1382773,20
2021,87280,20
2021,87280,20
2021,87280,20
2021,1279604,20
2021,1260543,20
2021,66513,20
2021,1119473,20
2021,1321318,20
2021,5000884,20
2021,1427577,20
2021,100305,20
2021,1258528,20
2021,1258528,20
2021,87280,20
2021,83938,20
2021,1279605,20
2021,1330539,20
2021,1258528,20
2021,89380,20
2021,89380,20
2021,89380,20
2021,32799,20
2021,1180799,20
2021,1259867,20
2021,15402,20
2021,1427749,20
2021,1258538,20
2021,118782,20
2021,58180,20
2021,5000011,20
2021,100305,20
2021,100305,20
2021,1342612,20
2021,87280,20
2021,102176,20
2021,1330710,20
2021,1364323,20
2021,72627,20
2021,103257,20
2021,89380,20
2021,1149897,20
2021,121131,20
2021,102869,20
2021,65675,20
2021,76494,20
2021,51413,20
2021,74649,20
2021,58180,20
2021,100305,20
2021,100305,20
2021,1268023,20
2021,80542,20
2021,87280,20
2021,87280,20
2021,1399304,20
2021,1188348,20
2021,89380,20
2021,89380,20
2021,109890,20
2021,58360,20
2021,71514,20
2021,59993,20
2021,1364620,20
2021,57630,20
2021,49586,20
2021,65878,20
2021,1323838,20
2021,100742,20
2021,1452642,20
2021,87280,20
2021,87280,20
2021,8262,20
2021,1152201,20
2021,89380,20
2021,89380,20
2021,21484,20
2021,3492,20
2021,123541,20
2021,123523,20
2021,1193782,20
2021,1190047,20
2021,112984,20
2021,1258538,20
2021,302007,20
2021,106996,20
2021,1268566,20
2021,79430,20
2021,81328,20
2021,87280,20
2021,1260313,20
2021,1151555,20
2021,103259,20
2021,89380,20
2021,114097,20
2021,1180605,20
2021,69764,20
2021,65062,20
2021,59991,20
2021,66597,20
2021,107619,20
2021,5001328,20
2021,100305,20
2021,1403882,20
2021,95295,20
2021,79669,20
2021,1155961,20
2021,89380,20
2021,89380,20
2021,79377,20
2021,1180605,20
2021,1180796,20
2021,18694,20
2021,1466676,20
2021,52007,20
2021,1454405,20
2021,1420136,20
2021,18284,20
2021,1192608,20
2021,111090,20
2021,111090,20
2021,100305,20
2021,107380,20
2021,107383,20
2021,72377,20
2021,112052,20
2021,4729,20
2021,89380,20
2021,89380,20
2021,5000454,20
2021,1140708,20
2021,114178,20
2021,114178,20
2021,20699,20
2021,21105,20
2021,1268163,20
2021,1286800,20
2021,21777,20
2021,19607,20
2021,89379,20
2021,1268023,20
2021,1261824,20
2021,89380,20
2021,89380,20
2021,1430245,20
2021,58360,20
2021,1155933,20
2021,1454405,20
2021,1258538,20
2021,1258541,20
2021,97239,20
2021,1474142,20
2021,18277,20
2021,1191569,20
2021,1382884,20
2021,1209155,20
2021,72065,20
2021,79430,20
2021,1286528,20
2021,1315060,20
2021,87280,20
2021,8262,20
2021,102176,20
2021,112056,20
2021,1152201,20
2021,89380,20
2021,89380,20
2021,113829,20
2021,123537,20
2021,1258851,20
2021,51413,20
2021,96938,20
2021,1186931,20
2021,115664,20
2021,1304818,20
2021,1364323,20
2021,89380,20
2021,89380,20
2021,89380,20
2021,4217,20
2021,76554,20
2021,1258848,20
2021,1258024,20
2021,1321594,20
2021,1119473,20
2021,37305,20
2021,1268176,20
2021,18277,20
2021,1286800,20
2021,310155,20
2021,18233,20
2021,5001328,20
2021,100305,20
2021,100305,20
2021,96655,20
2021,95295,20
2021,1190159,20
2021,87280,20
2021,1521874,20
2021,53788,20
2021,89380,20
2021,42502,20
2021,89380,20
2021,1304730,20
2021,1156021,20
2021,19521,20
2021,1487435,20
2021,100309,20
2021,82170,20
2021,65955,20
2021,5001328,20
2021,100305,20
2021,1269976,20
2021,1285865,20
2021,1332852,20
2021,1363702,20
2021,87280,20
2021,87280,20
2021,85058,20
2021,68419,20
2021,1376002,20
2021,1001938,20
2021,1170124,20
2021,75203,20
2021,1286800,20
2021,310155,20
2021,5001328,20
2021,100305,20
2021,1483400,20
2021,46748,20
2021,98892,20
2021,105286,20
2021,1113011,20
2021,111980,20
2021,89380,20
2021,89380,20
2021,1140708,20
2021,70492,20
2021,5000456,20
2021,123549,20
2021,1270213,20
2021,100305,20
2021,1137223,20
2021,5838,20
2021,102280,20
2021,90703,20
2021,1149689,20
2021,103038,20
2021,1121456,20
2021,87280,20
2021,87280,20
2021,89380,20
2021,89380,20
2021,4372,20
2021,1366964,20
2021,5001211,20
2021,8788,20
2021,70492,20
2021,123539,20
2021,123549,20
2021,77098,20
2021,1206001,20
2021,57630,20
2021,19534,20
2021,1131979,20
2021,1286800,20
2021,1406157,20
2021,48169,20
2021,20412,20
2021,100305,20
2021,1314139,20
2021,1136925,20
2021,87280,20
2021,100305,20
2021,89380,20
2021,109890,20
2021,1427634,20
2021,308589,20
2021,109205,20
2021,1140708,20
2021,5000456,20
2021,11171,20
2021,52007,20
2021,99296,20
2021,18277,20
2021,18277,20
2021,75203,20
2021,100305,20
2021,100305,20
2021,100305,20
2021,4129,20
2021,1206001,20
2021,107383,20
2021,89380,20
2021,89380,20
2021,89380,20
2021,115882,20
2021,102869,20
2021,10738,20
2021,20699,20
2021,1122726,20
2021,17453,20
2021,65878,20
2021,100305,20
2021,100305,20
2021,97780,20
2021,1151692,20
2021,1258528,20
2021,113521,20
2021,100305,20
2021,89380,20
2021,89380,20
2021,89380,20
2021,89380,20
2021,89380,20
2021,16185,20
2021,123523,20
2021,123539,20
2021,18698,20
2021,76507,20
2021,101712,20
2021,70488,20
2021,18284,20
2021,102280,20
2021,1258528,20
2021,87280,20
2021,1279605,20
2021,112056,20
2021,89380,20
2021,89380,20
2021,1110366,20
2021,58360,20
2021,1315315,20
2021,123537,20
2021,76851,20
2021,1299253,20
2021,1190047,20
2021,1155961,20
2021,1286489,20
2021,28184,20
2021,21714,20
2021,1152438,20
2021,42571,20
2021,5001328,20
2021,5001328,20
2021,102869,20
2021,1366367,20
2021,1315060,20
2021,102869,20
2021,107383,20
2021,111980,20
2021,89380,20
2021,89380,20
2021,89380,20
2021,1260543,20
2021,121131,20
2021,1166010,20
2021,1214442,20
2021,95295,20
2021,39502,20
2021,75203,20
2021,5001328,20
2021,94994,20
2021,87280,20
2021,87280,20
2021,1385942,20
2021,1458085,20
2021,5882,20
2021,70488,20
2021,1268237,20
2021,123545,20
2021,71514,20
2021,1363702,20
2021,60040,20
2021,100305,20
2021,100305,20
2021,62584,20
2021,1186930,20
2021,1438274,20
2021,1268023,20
2021,87280,20
2021,87280,20
2021,1260313,20
2021,100305,20
2021,105158,20
2021,1279604,20
2021,103257,20
2021,89380,20
2021,1514190,20
2021,1446680,20
2021,65062,20
2021,1131979,20
2021,94994,20
2021,1286800,20
2021,1404804,20
2021,102869,20
2021,21892,20
2021,1342612,20
2021,68845,20
2021,89380,20
2021,70492,20
2021,70492,20
2021,123526,20
2021,123545,20
2021,123545,20
2021,1155961,20
2021,19534,20
2021,31234,20
2021,113126,20
2021,56346,20
2021,1150259,20
2021,111090,20
2021,1167044,20
2021,109796,20
2021,1182977,20
2021,1481976,20
2021,89380,20
2021,89380,20
2021,89380,20
2021,89380,20
2021,102770,20
2021,1180796,20
2021,59596,20
2021,1205876,20
2021,3614,20
2021,100305,20
2021,100305,20
2021,1293114,20
2021,1100858,20
2021,1186931,20
2021,37777,20
2021,17307,20
2021,1059802,20
2021,72377,20
2021,112052,20
2021,89380,20
2021,89380,20
2021,89380,20
2021,89380,20
2021,89380,20
2021,102869,20
2021,20041,20
2021,1076118,20
2021,1485453,20
2021,120769,20
2021,1131979,20
2021,52007,20
2021,19830,20
2021,100305,20
2021,100305,20
2021,100305,20
2021,99940,20
2021,100305,20
2021,1458241,20
2021,1259052,20
2021,1258704,20
2021,39292,20
2021,87280,20
2021,1194058,20
2021,97939,20
2021,113025,20
2021,116390,20
2021,1481976,20
2021,89380,20
2021,114097,20
2021,18346,20
2021,1268237,20
2021,1399018,20
2021,94994,20
2021,75768,20
2021,100305,20
2021,97780,20
2021,1420353,20
2021,1268023,20
2021,91311,20
2021,1314234,20
2021,100305,20
2021,112052,20
2021,105158,20
2021,1151449,20
2021,10159,20
2021,89380,20
2021,89380,20
2021,121131,20
2021,1140708,20
2021,1284981,20
2021,1001938,20
2021,5000448,20
2021,123537,20
2021,1184070,20
2021,1363702,20
2021,52007,20
2021,1483392,20
2021,1190154,20
2021,96934,20
2021,100305,20
2021,119592,20
2021,1457365,20
2021,1100858,20
2021,100305,20
2021,1279604,20
2021,1050053,20
2021,1146775,20
2021,17530,20
2021,1351703,20
2021,1350703,20
2021,1315315,20
2021,90367,20
2021,88064,20
2021,19668,20
2021,1321594,20
2021,60266,20
2021,69832,20
2021,1364973,20
2021,1266797,20
2021,1258538,20
2021,89002,20
2021,1405789,20
2021,1382801,20
2021,73248,20
2021,5001328,20
2021,100305,20
2021,100305,20
2021,119592,20
2021,100734,20
2021,1442103,20
2021,1183690,20
2021,1190061,20
2021,95295,20
2021,46748,20
2021,1315060,20
2021,1177465,20
2021,87280,20
2021,114401,20
2021,18429,20
2021,89380,20
2021,89380,20
2021,89380,20
2021,89380,20
2021,89380,20
2021,89380,20
2021,89380,20
2021,89380,20
2021,64076,20
2021,105522,20
2021,1258528,20
2021,76545,20
2021,1116231,20
2021,48897,20
2021,100305,20
2021,1441079,20
2021,1365654,20
2021,103338,20
2021,1286097,20
2021,1194058,20
2021,69043,20
2021,1314373,20
2021,57944,20
2021,1150438,20
2021,113025,20
2021,18429,20
2021,89380,20
2021,89380,20
2021,89380,20
2021,18346,20
2021,18603,20
2021,1180799,20
2021,95115,20
2021,60314,20
2021,85760,20
2021,100305,20
2021,25864,20
2021,1183690,20
2021,1268023,20
2021,112052,20
2021,1258528,20
2021,89380,20
2021,1349715,20
2021,89380,20
2021,89380,20
2021,8765,20
2021,113469,20
2021,1260026,20
2021,76475,20
2021,98359,20
2021,1402587,20
2021,1268237,20
2021,62538,20
2021,1204870,20
2021,1399018,20
2021,66513,20
2021,1427414,20
2021,118994,20
2021,65878,20
2021,100305,20
2021,100305,20
2021,1427694,20
2021,96655,20
2021,1285323,20
2021,1268023,20
2021,103338,20
2021,111090,20
2021,75347,20
2021,1058390,20
2021,1043745,20
2021,1315060,20
2021,87280,20
2021,87280,20
2021,8262,20
2021,100305,20
2021,1327356,20
2021,1135068,20
2021,89380,20
2021,89380,20
2021,89380,20
2021,89380,20
2021,1106261,20
2021,25205,20
2021,1258848,20
2021,5000448,20
2021,1485453,20
2021,65740,20
2021,59628,20
2021,51397,20
2021,1116091,20
2021,8034,20
2021,117756,20
2021,1205437,20
2021,100305,20
2021,100305,20
2021,1323838,20
2021,1149897,20
2021,103338,20
2021,87280,20
2021,100305,20
2021,100305,20
2021,100305,20
2021,89380,20
2021,113469,20
2021,1204010,20
2021,123539,20
2021,77098,20
2021,1323837,20
2021,1286800,20
2021,100305,20
2021,100305,20
2021,100305,20
2021,100305,20
2021,70492,20
2021,1366250,20
2021,102176,20
2021,102176,20
2021,113025,20
2021,1258528,20
2021,89380,20
2021,89380,20
2021,20041,20
2021,1001938,20
2021,302525,20
2021,80232,20
2021,6805,20
2021,59632,20
2021,1299258,20
2021,5001328,20
2021,100305,20
2021,100305,20
2021,100305,20
2021,100305,20
2021,18429,20
2021,1452642,20
2021,37293,20
2021,1160932,20
2021,111090,20
2021,87280,20
2021,107383,20
2021,1086317,20
2021,89380,20
2021,89380,20
2021,89380,20
2021,89380,20
2021,89380,20
2021,89380,20
2021,100367,20
2021,79377,20
2021,121824,20
2021,1259497,20
2021,123523,20
2021,52231,20
2021,76313,20
2021,1131979,20
2021,21303,20
2021,1279732,20
2021,5001328,20
2021,5001328,20
2021,1109043,20
2021,1260313,20
2021,1279604,20
2021,89380,20
2021,89380,20
2021,89380,20
2021,123472,20
2021,121131,20
2021,107020,20
2021,95295,20
2021,1304818,20
2021,8425,20
2021,116986,20
2021,54418,20
2021,100305,20
2021,1179083,20
2021,1118130,20
2021,79430,20
2021,95295,20
2021,1327342,20
2021,89380,20
2021,89380,20
2021,89380,20
2021,5000454,20
2021,1522383,20
2021,1260543,20
2021,1110366,20
2021,1206001,20
2021,119216,20
2021,1143464,20
2021,1116091,20
2021,106996,20
2021,100305,20
2021,100305,20
2021,100305,20
2021,100305,20
2021,5000350,20
2021,3611,20
2021,97986,20
2021,87280,20
2021,87280,20
2021,21737,20
2021,1204392,20
2021,100305,20
2021,89380,20
2021,89380,20
2021,89380,20
2021,1106261,20
2021,21796,20
2021,19668,20
2021,52007,20
2021,1427749,20
2021,1214121,20
2021,31221,20
2021,310155,20
2021,100305,20
2021,100305,20
2021,89143,20
2021,1306249,20
2021,95295,20
2021,79669,20
2021,98892,20
2021,1286531,20
2021,1314373,20
2021,89380,20
2021,89380,20
2021,19204,20
2021,1168577,20
2021,75288,20
2021,59628,20
2021,80814,20
2021,95131,20
2021,100305,20
2021,1293114,20
2021,1458718,20
2021,123578,20
2021,1300204,20
2021,1399304,20
2021,89380,20
2021,89380,20
2021,1341234,20
2021,70492,20
2021,123530,20
2021,5000456,20
2021,1180799,20
2021,1206001,20
2021,1322001,20
2021,1199657,20
2021,75203,20
2021,100305,20
2021,100305,20
2021,1382883,20
2021,1322444,20
2021,5000350,20
2021,94994,20
2021,1143464,20
2021,89380,20
2021,89380,20
2021,89380,20
2021,89380,20
2021,1146775,20
2021,1106261,20
2021,5000454,20
2021,103338,20
2021,62458,20
2021,51393,20
2021,97239,20
2021,58180,20
2021,1104762,20
2021,100305,20
2021,97780,20
2021,98665,20
2021,1178271,20
2021,1259052,20
2021,1457365,20
2021,1483406,20
2021,87280,20
2021,105158,20
2021,105158,20
2021,89380,20
2021,89380,20
2021,89380,20
2021,3497,20
2021,121131,20
2021,95295,20
2021,70488,20
2021,102869,20
2021,103338,20
2021,76851,20
2021,1485428,20
2021,5000884,20
2021,60040,20
2021,1121953,20
2021,58928,20
2021,5001328,20
2021,100305,20
2021,1137223,20
2021,1374069,20
2021,113829,20
2021,100305,20
2021,102176,20
2021,1333652,20
2021,89380,20
2021,89380,20
2021,1741,20
2021,68419,20
2021,60520,20
2021,69650,20
2021,100305,20
2021,97780,20
2021,38246,20
2021,76554,20
2021,87280,20
2021,112052,20
2021,103257,20
2021,1258528,20
2021,89380,20
2021,89380,20
2021,17530,20
2021,64854,20
2021,38246,20
2021,1258528,20
2021,112052,20
2021,103338,20
2021,1430245,20
2021,21484,20
2021,1110366,20
2021,102869,20
2021,19984,20
2021,20041,20
2021,1298977,20
2021,1180799,20
2021,1116091,20
2021,75203,20
2021,15605,20
2021,111236,20
2021,100305,20
2021,37291,20
2021,5001459,20
2021,1465650,20
2021,1266765,20
2021,3406,20
2021,1454405,20
2021,1481976,20
2021,89380,20
2021,89380,20
2021,89380,20
2021,1260543,20
2021,51139,20
2021,1298977,20
2021,20699,20
2021,1399018,20
2021,117454,20
2021,1190047,20
2021,1332666,20
2021,5000884,20
2021,1279732,20
2021,1363505,20
2021,1404804,20
2021,100305,20
2021,100305,20
2021,100305,20
2021,100305,20
2021,100305,20
2021,100305,20
2021,100305,20
2021,1382884,20
2021,1382884,20
2021,102869,20
2021,1177465,20
2021,1165300,20
2021,1149897,20
2021,97986,20
2021,103338,20
2021,123549,20
2021,102280,20
2021,1151687,20
2021,57630,20
2021,1105981,20
2021,89380,20
2021,89380,20
2021,89380,20
2021,8418,20
2021,1149897,20
2021,99954,20
2021,95295,20
2021,123541,20
2021,38807,20
2021,1487435,20
2021,5041,20
2021,80795,20
2021,100305,20
2021,100305,20
2021,102869,20
2021,37291,20
2021,94994,20
2021,1153085,20
2021,1284212,20
2021,1258528,20
2021,1315060,20
2021,1332852,20
2021,18684,20
2021,73302,20
2021,113025,20
2021,1206201,20
2021,89380,20
2021,89380,20
2021,1210130,20
2021,81220,20
2021,70488,20
2021,70492,20
2021,7304,20
2021,123526,20
2021,62458,20
2021,69815,20
2021,1363505,20
2021,10462,20
2021,75203,20
2021,1442103,20
2021,35172,20
2021,87280,20
2021,1194058,20
2021,89380,20
2021,89380,20
2021,89380,20
2021,62970,20
2021,1260543,20
2021,115882,20
2021,59993,20
2021,76313,20
2021,1497553,20
2021,1116091,20
2021,18429,20
2021,5000695,20
2021,1153690,20
2021,1332427,20
2021,123539,20
2021,87280,20
2021,87280,20
2021,87280,20
2021,1300006,20
2021,89380,20
2021,89380,20
2021,89380,20
2021,1150328,20
2021,1350703,20
2021,19984,20
2021,1443412,20
2021,71514,20
2021,76313,20
2021,1497553,20
2021,66911,20
2021,100305,20
2021,100305,20
2021,112850,20
2021,1177589,20
2021,20002,20
2021,118782,20
2021,17129,20
2021,1150467,20
2021,1268023,20
2021,111090,20
2021,1304924,20
2021,105158,20
2021,1330539,20
2021,103259,20
2021,1188620,20
2021,89380,20
2021,89380,20
2021,89380,20
2021,114097,20
2021,81294,20
2021,100309,20
2021,46884,20
2021,1322776,20
2021,1186073,20
2021,5001328,20
2021,1314139,20
2021,18284,20
2021,1299197,20
2021,1192283,20
2021,1442103,20
2021,18491,20
2021,1268023,20
2021,98764,20
2021,96671,20
2021,111090,20
2021,87280,20
2021,87280,20
2021,107383,20
2021,55782,20
2021,89380,20
2021,115882,20
2021,1204870,20
2021,1285215,20
2021,75198,20
2021,37295,20
2021,100305,20
2021,100305,20
2021,97780,20
2021,48831,20
2021,74416,20
2021,1315060,20
2021,87280,20
2021,87280,20
2021,21501,20
2021,100305,20
2021,89380,20
2021,89380,20
2021,89380,20
2021,89380,20
2021,89380,20
2021,89380,20
2021,1110366,20
2021,102869,20
2021,76937,20
2021,1430649,20
2021,19534,20
2021,100309,20
2021,60040,20
2021,65740,20
2021,111270,20
2021,58180,20
2021,100305,20
2021,118321,20
2021,118966,20
2021,87280,20
2021,87280,20
2021,1059802,20
2021,107380,20
2021,72377,20
2021,1399304,20
2021,89380,20
2021,89380,20
2021,89380,20
2021,89380,20
2021,1458085,20
2021,1134421,20
2021,1350703,20
2021,113829,20
2021,71514,20
2021,51413,20
2021,100309,20
2021,1260519,20
2021,60040,20
2021,8425,20
2021,21714,20
2021,49877,20
2021,100305,20
2021,46911,20
2021,95295,20
2021,98892,20
2021,108723,20
2021,1321318,20
2021,102176,20
2021,89380,20
2021,89380,20
2021,89380,20
2021,89380,20
2021,89380,20
2021,89380,20
2021,10022,20
2021,101428,20
2021,95295,20
2021,18346,20
2021,77134,20
2021,80892,20
2021,5000884,20
2021,1484595,20
2021,1205024,20
2021,19823,20
2021,100305,20
2021,97780,20
2021,80737,20
2021,1445201,20
2021,1203177,20
2021,9726,20
2021,1332472,20
2021,87280,20
2021,69043,20
2021,1205437,20
2021,107380,20
2021,1182977,20
2021,1206201,20
2021,89380,20
2021,89380,20
2021,109890,20
2021,70488,20
2021,67380,20
2021,71514,20
2021,1137223,20
2021,98301,20
2021,1365148,20
2021,44485,20
2021,6980,20
2021,1279057,20
2021,89380,20
2021,89380,20
2021,21899,20
2021,8799,20
2021,58360,20
2021,1204643,20
2021,5001328,20
2021,100305,20
2021,102176,20
2021,113025,20
2021,1206201,20
2021,89380,20
2021,16185,20
2021,1210130,20
2021,1103912,20
2021,106678,20
2021,1001938,20
2021,58360,20
2021,38863,20
2021,1268237,20
2021,51413,20
2021,10162,20
2021,52007,20
2021,18606,20
2021,86782,20
2021,10462,20
2021,10462,20
2021,105644,20
2021,5001328,20
2021,100305,20
2021,1144777,20
2021,1458720,20
2021,971,20
2021,1156711,20
2021,100485,20
2021,1268023,20
2021,53520,20
2021,1348195,20
2021,89380,20
2021,89380,20
2021,121131,20
2021,115882,20
2021,6568,20
2021,103338,20
2021,19668,20
2021,18603,20
2021,59988,20
2021,1286800,20
2021,121081,20
2021,5001328,20
2021,70492,20
2021,7409,20
2021,1322433,20
2021,87280,20
2021,87280,20
2021,1288685,20
2021,102176,20
2021,107383,20
2021,1279605,20
2021,89380,20
2021,89380,20
2021,89380,20
2021,123470,20
2021,1308132,20
2021,1265877,20
2021,18603,20
2021,123539,20
2021,123545,20
2021,1364620,20
2021,18271,20
2021,21760,20
2021,48195,20
2021,100305,20
2021,100305,20
2021,1404045,20
2021,1204536,20
2021,95631,20
2021,95631,20
2021,1314234,20
2021,1151687,20
2021,100305,20
2021,100305,20
2021,1258541,20
2021,1166010,20
2021,1431913,20
2021,89380,20
2021,89380,20
2021,89380,20
2021,17530,20
2021,97346,20
2021,123523,20
2021,103338,20
2021,80810,20
2021,22586,20
2021,100305,20
2021,5000031,20
2021,1496476,20
2021,1438435,20
2021,1314234,20
2021,98301,20
2021,19770,20
2021,1427316,20
2021,72377,20
2021,112052,20
2021,89380,20
2021,89380,20
2021,89380,20
2021,103569,20
2021,108848,20
2021,1427634,20
2021,58360,20
2021,65740,20
2021,51413,20
2021,1299253,20
2021,19047,20
2021,1149804,20
2021,1279057,20
2021,104696,20
2021,1466433,20
2021,99940,20
2021,1258704,20
2021,18429,20
2021,1427574,20
2021,114568,20
2021,117588,20
2021,1190159,20
2021,1313223,20
2021,102176,20
2021,89380,20
2021,89380,20
2021,89380,20
2021,89380,20
2021,70492,20
2021,3848,20
2021,123526,20
2021,1156021,20
2021,1131979,20
2021,95115,20
2021,1205876,20
2021,37305,20
2021,1152438,20
2021,85760,20
2021,1112467,20
2021,1192608,20
2021,1384586,20
2021,5000141,20
2021,100594,20
2021,121222,20
2021,72379,20
2021,113025,20
2021,89380,20
2021,102869,20
2021,1285868,20
2021,1443412,20
2021,1258528,20
2021,1427577,20
2021,100305,20
2021,102869,20
2021,96655,20
2021,1357716,20
2021,1322444,20
2021,1496477,20
2021,43399,20
2021,37777,20
2021,1150397,20
2021,89380,20
2021,89380,20
2021,89380,20
2021,19733,20
2021,70492,20
2021,118782,20
2021,17307,20
2021,18603,20
2021,1259097,20
2021,1405546,20
2021,18277,20
2021,100728,20
2021,1131840,20
2021,1102012,20
2021,37777,20
2021,85806,20
2021,111090,20
2021,118380,20
2021,113829,20
2021,1170053,20
2021,102176,20
2021,102176,20
2021,1206201,20
2021,89380,20
2021,89380,20
2021,113829,20
2021,20699,20
2021,51397,20
2021,99230,20
2021,8425,20
2021,86782,20
2021,100305,20
2021,100305,20
2021,70492,20
2021,18284,20
2021,96655,20
2021,103338,20
2021,94994,20
2021,87280,20
2021,100305,20
2021,1304818,20
2021,100305,20
2021,1279605,20
2021,20469,20
2021,1270651,20
2021,1279743,20
2021,102770,20
2021,1398184,20
2021,1104698,20
2021,1286800,20
2021,19823,20
2021,5001328,20
2021,1313186,20
2021,70492,20
2021,1293114,20
2021,1192283,20
2021,1149689,20
2021,94994,20
2021,95295,20
2021,98892,20
2021,1194058,20
2021,109776,20
2021,18684,20
2021,373442,20
2021,89380,20
2021,89380,20
2021,89380,20
2021,8583,20
2021,59972,20
2021,1487435,20
2021,5000884,20
2021,98548,20
2021,5001328,20
2021,97780,20
2021,51322,20
2021,1131840,20
2021,1517292,20
2021,46911,20
2021,7409,20
2021,1190178,20
2021,1314234,20
2021,99940,20
2021,1112324,20
2021,307946,20
2021,72377,20
2021,112052,20
2021,5953,20
2021,103257,20
2021,89380,20
2021,89380,20
2021,1341233,20
2021,5841,20
2021,1180796,20
2021,67380,20
2021,1119473,20
2021,6025,20
2021,58928,20
2021,68773,20
2021,75203,20
2021,100305,20
2021,100305,20
2021,1420353,20
2021,1284313,20
2021,1268023,20
2021,87280,20
2021,102176,20
2021,89380,20
2021,89380,20
2021,89380,20
2021,89380,20
2021,1454054,20
2021,1322631,20
2021,20469,20
2021,8583,20
2021,117454,20
2021,51413,20
2021,1517024,20
2021,1187614,20
2021,1399133,20
2021,65878,20
2021,1170053,20
2021,100305,20
2021,1359814,20
2021,79430,20
2021,10162,20
2021,10162,20
2021,1286531,20
2021,1134850,20
2021,89380,20
2021,89380,20
2021,89380,20
2021,89380,20
2021,1150328,20
2021,107020,20
2021,70488,20
2021,1140708,20
2021,1258851,20
2021,5000884,20
2021,1315314,20
2021,98548,20
2021,86782,20
2021,1315060,20
2021,1465651,20
2021,769,20
2021,100305,20
2021,100305,20
2021,1323838,20
2021,1186571,20
2021,4129,20
2021,15605,20
2021,1474142,20
2021,112052,20
2021,1135068,20
2021,89380,20
2021,89380,20
2021,89380,20
2021,1430245,20
2021,320325,20
2021,74564,20
2021,3615,20
2021,123545,20
2021,59991,20
2021,59628,20
2021,6025,20
2021,1116091,20
2021,105644,20
2021,94994,20
2021,70492,20
2021,1150467,20
2021,38246,20
2021,87280,20
2021,113025,20
2021,89380,20
2021,18959,20
2021,109890,20
2021,115882,20
2021,1214442,20
2021,76429,20
2021,1399018,20
2021,19541,20
2021,73398,20
2021,100309,20
2021,1076195,20
2021,73267,20
2021,15627,20
2021,5001328,20
2021,1177589,20
2021,95295,20
2021,1258528,20
2021,82366,20
2021,1384586,20
2021,1384575,20
2021,107383,20
2021,1330539,20
2021,103257,20
2021,89380,20
2021,89380,20
2021,97346,20
2021,1001938,20
2021,18346,20
2021,3615,20
2021,18603,20
2021,56340,20
2021,100307,20
2021,110318,20
2021,1286800,20
2021,4224,20
2021,1151555,20
2021,115664,20
2021,80890,20
2021,1483498,20
2021,1268023,20
2021,98764,20
2021,111090,20
2021,1427316,20
2021,107380,20
2021,107383,20
2021,105158,20
2021,89380,20
2021,1402587,20
2021,1485453,20
2021,65614,20
2021,18001,20
2021,67143,20
2021,1286800,20
2021,70492,20
2021,62584,20
2021,90875,20
2021,107380,20
2021,112052,20
2021,1279554,20
2021,1342674,20
2021,89380,20
2021,20525,20
2021,70492,20
2021,70492,20
2021,1298977,20
2021,59632,20
2021,5000569,20
2021,100309,20
2021,1403879,20
2021,1363508,20
2021,1292569,20
2021,97507,20
2021,5841,20
2021,123578,20
2021,102280,20
2021,10708,20
2021,1150302,20
2021,46748,20
2021,72377,20
2021,89380,20
2021,121131,20
2021,403,20
2021,11594,20
2021,1298977,20
2021,59993,20
2021,51397,20
2021,100305,20
2021,37291,20
2021,39292,20
2021,1371335,20
2021,97986,20
2021,105403,20
2021,1312986,20
2021,1268023,20
2021,100305,20
2021,100305,20
2021,7944,20
2021,102176,20
2021,112052,20
2021,72379,20
2021,1279605,20
2021,1116093,20
2021,1286800,20
2021,89380,20
2021,89380,20
2021,1001938,20
2021,123541,20
2021,1156021,20
2021,43664,20
2021,75141,20
2021,1155961,20
2021,60040,20
2021,21760,20
2021,1205876,20
2021,48968,20
2021,94994,20
2021,100305,20
2021,100305,20
2021,75141,20
2021,18429,20
2021,1420353,20
2021,1261584,20
2021,19607,20
2021,1314985,20
2021,87280,20
2021,1194058,20
2021,1431913,20
2021,107383,20
2021,112052,20
2021,1330539,20
2021,1152201,20
2021,89380,20
2021,89380,20
2021,1284143,20
2021,106678,20
2021,1001938,20
2021,18694,20
2021,75182,20
2021,49979,20
2021,118994,20
2021,112526,20
2021,106996,20
2021,100305,20
2021,119592,20
2021,102869,20
2021,37291,20
2021,103338,20
2021,1427500,20
2021,87280,20
2021,87280,20
2021,5000026,20
2021,17530,20
2021,89380,20
2021,89380,20
2021,123526,20
2021,18694,20
2021,59977,20
2021,5609,20
2021,75198,20
2021,80892,20
2021,100309,20
2021,1457379,20
2021,1420115,20
2021,19823,20
2021,37295,20
2021,5001328,20
2021,100305,20
2021,100305,20
2021,80737,20
2021,1284975,20
2021,102280,20
2021,102280,20
2021,83182,20
2021,7409,20
2021,1322330,20
2021,89380,20
2021,1119473,20
2021,311171,20
2021,1364338,20
2021,110318,20
2021,46710,20
2021,19830,20
2021,1298977,20
2021,1137223,20
2021,100305,20
2021,37291,20
2021,68597,20
2021,102280,20
2021,1330672,20
2021,123541,20
2021,87280,20
2021,89380,20
2021,1210130,20
2021,66929,20
2021,69095,20
2021,76380,20
2021,1119481,20
2021,1328760,20
2021,5000884,20
2021,17453,20
2021,52007,20
2021,102012,20
2021,100305,20
2021,100305,20
2021,1043986,20
2021,1150302,20
2021,1314212,20
2021,1184727,20
2021,105158,20
2021,1330539,20
2021,89380,20
2021,89380,20
2021,89380,20
2021,103569,20
2021,99954,20
2021,22238,20
2021,5841,20
2021,76937,20
2021,69764,20
2021,61592,20
2021,100309,20
2021,10162,20
2021,39076,20
2021,1116091,20
2021,75203,20
2021,37295,20
2021,1185667,20
2021,1442103,20
2021,1259168,20
2021,1517292,20
2021,1457140,20
2021,18346,20
2021,87280,20
2021,1458745,20
2021,1327343,20
2021,1399304,20
2021,55396,20
2021,89380,20
2021,89380,20
2021,89380,20
2021,1458085,20
2021,1419790,20
2021,1258847,20
2021,1385516,20
2021,1131979,20
2021,6025,20
2021,20588,20
2021,1285866,20
2021,1122942,20
2021,18233,20
2021,1442827,20
2021,18284,20
2021,96655,20
2021,1300122,20
2021,1442103,20
2021,118966,20
2021,7409,20
2021,10708,20
2021,1268023,20
2021,122124,20
2021,122124,20
2021,74642,20
2021,87280,20
2021,107383,20
2021,1481976,20
2021,89380,20
2021,89380,20
2021,109890,20
2021,70492,20
2021,62538,20
2021,102254,20
2021,51413,20
2021,1186955,20
2021,113204,20
2021,6025,20
2021,5001153,20
2021,1104893,20
2021,75203,20
2021,1160224,20
2021,1496476,20
2021,1121456,20
2021,102280,20
2021,1194058,20
2021,89380,20
2021,10738,20
2021,113829,20
2021,1155933,20
2021,76313,20
2021,19541,20
2021,49586,20
2021,58928,20
2021,1170053,20
2021,5001328,20
2021,100305,20
2021,21446,20
2021,18429,20
2021,1300122,20
2021,1203328,20
2021,1149689,20
2021,19641,20
2021,114186,20
2021,1279605,20
2021,24498,20
2021,89380,20
2021,89380,20
2021,89380,20
2021,1341233,20
2021,19868,20
2021,87544,20
2021,87148,20
2021,1188850,20
2021,38246,20
2021,1322433,20
2021,87280,20
2021,1364323,20
2021,86627,20
2021,89380,20
2021,89380,20
2021,89380,20
2021,89380,20
2021,89380,20
2021,89380,20
2021,1001938,20
2021,70492,20
2021,102869,20
2021,19984,20
2021,1323001,20
2021,123537,20
2021,105191,20
2021,69853,20
2021,100305,20
2021,100305,20
2021,100305,20
2021,97780,20
2021,1149328,20
2021,1330872,20
2021,63768,20
2021,106683,20
2021,102176,20
2021,89380,20
2021,89380,20
2021,89380,20
2021,91099,20
2021,3497,20
2021,41798,20
2021,97346,20
2021,1304730,20
2021,69095,20
2021,10738,20
2021,114178,20
2021,1258844,20
2021,59993,20
2021,18271,20
2021,48895,20
2021,1190154,20
2021,89002,20
2021,100305,20
2021,100305,20
2021,97780,20
2021,1293114,20
2021,98301,20
2021,1160224,20
2021,1442103,20
2021,116218,20
2021,79430,20
2021,87280,20
2021,1292570,20
2021,72379,20
2021,1364323,20
2021,89380,20
2021,44261,20
2021,123526,20
2021,1258528,20
2021,1385516,20
2021,8425,20
2021,64302,20
2021,1118107,20
2021,83702,20
2021,102869,20
2021,17129,20
2021,79430,20
2021,1322330,20
2021,98337,20
2021,111090,20
2021,113025,20
2021,89380,20
2021,89380,20
2021,89380,20
2021,1116091,20
2021,1178769,20
2021,5001328,20
2021,100305,20
2021,1342766,20
2021,17129,20
2021,1330301,20
2021,87280,20
2021,102029,20
2021,100305,20
2021,1300218,20
2021,89380,20
2021,89380,20
2021,5000454,20
2021,3209,20
2021,1260543,20
2021,7304,20
2021,18603,20
2021,65740,20
2021,1156620,20
2021,1266797,20
2021,100305,20
2021,100305,20
2021,318429,20
2021,1321347,20
2021,1365706,20
2021,111090,20
2021,123526,20
2021,102280,20
2021,87280,20
2021,307946,20
2021,113025,20
2021,112056,20
2021,109890,20
2021,1125851,20
2021,123470,20
2021,18346,20
2021,1155933,20
2021,76373,20
2021,76561,20
2021,75198,20
2021,95115,20
2021,100309,20
2021,1312227,20
2021,112240,20
2021,15605,20
2021,100305,20
2021,100305,20
2021,306061,20
2021,112240,20
2021,87280,20
